      z0          |          ODMax         |          ODVir           |        rvir/rmax         |      avir/amax       |     bool collapse     |      collapse time
   59873.14       |       5.0993354643     |     2.9509772697e+01     |     6.8922439881e-01     |     1.5255528130     |         True          |     4.6970058838e-03     |     1.8841552734e-03
   55067.14       |       5.0797663274     |     2.9042045596e+01     |     6.8869897747e-01     |     1.5319895171     |         True          |     1.1102230246e-15     |     1.7744214740e-03
   50646.90       |       5.0797444070     |     2.9042115599e+01     |     6.8869899925e-01     |     1.5319923309     |         True          |     1.1102230246e-15     |     1.6687031090e-03
   46581.47       |       5.0798185061     |     2.9042868917e+01     |     6.8869480488e-01     |     1.5319835892     |         True          |     1.1102230246e-15     |     1.5741950367e-03
   42842.37       |       5.0798500219     |     2.9045381010e+01     |     6.8867590064e-01     |     1.5319944319     |         True          |     1.1102230246e-15     |     1.4869778324e-03
   39403.40       |       5.0855440017     |     2.9179438030e+01     |     6.8885225001e-01     |     1.5300784269     |         True          |     7.2641077643e-03     |     1.4004516602e-03
   36240.46       |       5.1003190687     |     2.9533139692e+01     |     6.8923391005e-01     |     1.5252613538     |         True          |     1.5759375134e-03     |     1.3293457031e-03
   33331.42       |       5.0922430733     |     2.9343433975e+01     |     6.8901177154e-01     |     1.5278829813     |         True          |     4.5300387829e-03     |     1.2725830078e-03
   30655.88       |       5.1121030601     |     2.9819177931e+01     |     6.8956050302e-01     |     1.5214304379     |         True          |     4.9599334354e-04     |     1.1987304688e-03
   28195.10       |       5.0838920056     |     2.9139135642e+01     |     6.8878863518e-01     |     1.5306610117     |         True          |     5.0130395701e-03     |     1.1422729492e-03
   25931.84       |       5.0883310047     |     2.9242128649e+01     |     6.8893553536e-01     |     1.5291678623     |         True          |     1.8717941802e-03     |     1.0906982422e-03
   23850.25       |       5.0942294832     |     2.9387552271e+01     |     6.8908979098e-01     |     1.5272129912     |         True          |     2.2603839116e-03     |     1.0437011719e-03
   21935.75       |       5.0852870394     |     2.9171854450e+01     |     6.8883857695e-01     |     1.5301827195     |         True          |     6.8405201680e-03     |     1.0012817383e-03
   20174.92       |       5.0916364161     |     2.9321253438e+01     |     6.8902938928e-01     |     1.5280723449     |         True          |     1.2695751135e-03     |     9.6313476563e-04
   18555.43       |       5.0859212231     |     2.9190384451e+01     |     6.8884925926e-01     |     1.5299634128     |         True          |     1.4360043668e-03     |     9.2956542969e-04
   17065.93       |       5.0861497092     |     2.9195984798e+01     |     6.8885892435e-01     |     1.5298814338     |         True          |     2.2633784307e-03     |     9.0881347656e-04
   15695.99       |       5.0825525080     |     2.9106442997e+01     |     6.8876127404e-01     |     1.5310956070     |         True          |     3.3289967141e-03     |     8.8348388672e-04
   14436.02       |       5.0828307038     |     2.9115787408e+01     |     6.8876717326e-01     |     1.5309899399     |         True          |     3.7999192451e-03     |     8.6273193359e-04
   13277.18       |       5.0831121884     |     2.9125574767e+01     |     6.8875903281e-01     |     1.5309037130     |         True          |     4.2051190749e-03     |     8.4625244141e-04
   12211.36       |       5.0865397077     |     2.9203196024e+01     |     6.8884935813e-01     |     1.5297970052     |         True          |     5.6462931385e-05     |     8.3374023438e-04
   11231.10       |       5.0819308692     |     2.9094731986e+01     |     6.8872198996e-01     |     1.5313198888     |         True          |     2.5587425068e-03     |     7.2235107422e-04
   10329.51       |       5.0818436634     |     2.9092301514e+01     |     6.8871798922e-01     |     1.5313535595     |         True          |     2.4060375373e-03     |     7.2235107422e-04
   9500.30        |       5.0833343005     |     2.9126475913e+01     |     6.8877997714e-01     |     1.5308318808     |         True          |     1.1547256338e-03     |     7.2692871094e-04
   8737.64        |       5.0853974736     |     2.9175465853e+01     |     6.8884889058e-01     |     1.5301287206     |         True          |     1.1441706371e-03     |     7.3608398437e-04
   8036.21        |       5.0813969892     |     2.9078420391e+01     |     6.8873408526e-01     |     1.5314758792     |         True          |     1.8900734322e-03     |     7.4981689453e-04
   7391.07        |       5.0811113220     |     2.9077735741e+01     |     6.8870559630e-01     |     1.5315680770     |         True          |     1.6761412003e-03     |     7.6873779297e-04
   6797.72        |       5.0825058542     |     2.9106982156e+01     |     6.8875341337e-01     |     1.5311120055     |         True          |     1.0065000303e-03     |     7.9284667969e-04
   6252.00        |       5.0809120997     |     2.9067796590e+01     |     6.8871210213e-01     |     1.5316459015     |         True          |     1.2594725386e-03     |     8.2183837891e-04
   5750.08        |       5.0812021499     |     2.9076796131e+01     |     6.8873007791e-01     |     1.5315208366     |         True          |     1.7849661542e-03     |     8.5662841797e-04
   5288.45        |       5.0807100509     |     2.9069615728e+01     |     6.8869194543e-01     |     1.5316975534     |         True          |     1.2181764629e-03     |     8.9691162109e-04
   4863.87        |       5.0805978052     |     2.9060903678e+01     |     6.8870318105e-01     |     1.5317476564     |         True          |     8.8333044814e-04     |     9.4329833984e-04
   4473.38        |       5.1164674545     |     2.9925822318e+01     |     6.8969665270e-01     |     1.5199991819     |         True          |     1.6812419853e-05     |     9.9609375000e-04
   4114.23        |       5.0822436132     |     2.9099464296e+01     |     6.8875809122e-01     |     1.5311876257     |         True          |     2.1640751897e-04     |     1.0559082031e-03
   3783.90        |       5.0963208104     |     2.9435640798e+01     |     6.8913834934e-01     |     1.5265534324     |         True          |     5.9336899690e-04     |     1.1230468750e-03
   3480.09        |       5.0817400136     |     2.9088301864e+01     |     6.8874050456e-01     |     1.5313563785     |         True          |     1.6310369717e-05     |     1.1975097656e-03
   3200.67        |       5.0817663346     |     2.9092400587e+01     |     6.8872085590e-01     |     1.5313598600     |         True          |     2.7446677940e-04     |     1.2805175781e-03
   2943.68        |       5.0804064586     |     2.9059096058e+01     |     6.8870293882e-01     |     1.5317871823     |         True          |     7.9909621515e-04     |     1.3723754883e-03
   2707.31        |       5.0804979090     |     2.9063546305e+01     |     6.8868678046e-01     |     1.5317732587     |         True          |     9.0147319118e-04     |     1.4736938477e-03
   2489.92        |       5.0806875250     |     2.9067876723e+01     |     6.8869230702e-01     |     1.5317105947     |         True          |     2.9722026575e-04     |     1.5850830078e-03
   2289.98        |       5.0802193097     |     2.9055248571e+01     |     6.8867630574e-01     |     1.5318805369     |         True          |     4.6431276986e-04     |     1.7074584961e-03
   2106.09        |       5.0811196131     |     2.9075747069e+01     |     6.8871257193e-01     |     1.5315674206     |         True          |     1.9899978763e-04     |     1.8420410156e-03
   1936.95        |       5.0802179363     |     2.9053867417e+01     |     6.8870133357e-01     |     1.5318486865     |         True          |     5.6029271951e-04     |     1.9894409180e-03
   1781.40        |       5.0801197006     |     2.9050413663e+01     |     6.8869297589e-01     |     1.5318971126     |         True          |     3.4440283888e-04     |     2.1505737305e-03
   1638.33        |       5.0800946046     |     2.9052845727e+01     |     6.8867271053e-01     |     1.5319190783     |         True          |     3.2574349019e-04     |     2.3269653320e-03
   1506.74        |       5.0801911463     |     2.9054150397e+01     |     6.8867860035e-01     |     1.5318875460     |         True          |     4.2455625356e-04     |     2.5198364258e-03
   1385.72        |       5.0802124026     |     2.9054133829e+01     |     6.8869061812e-01     |     1.5318651681     |         True          |     2.8939252121e-05     |     2.7301025391e-03
   1274.41        |       5.0801466287     |     2.9050380689e+01     |     6.8869530040e-01     |     1.5318896094     |         True          |     3.5761566475e-04     |     2.9598999023e-03
   1172.03        |       5.0812015364     |     2.9079825636e+01     |     6.8870597343e-01     |     1.5315418154     |         True          |     1.8376827123e-04     |     3.2104492188e-03
   1077.87        |       5.0800854056     |     2.9051613275e+01     |     6.8869096696e-01     |     1.5318984131     |         True          |     2.7935139927e-05     |     3.4832763672e-03
   991.27         |       5.0801936412     |     2.9053862745e+01     |     6.8868973701e-01     |     1.5318709829     |         True          |     1.5181182585e-04     |     3.7811279297e-03
