0.00000000 
302.284659808951346 
7.098509445296020 
388.460916228570170 
0.478618920973162 
1.671370931391147 
0.919783453914348 
0.999990789700198 
0.0005904 
0.00000000 
302.285060324769120 
7.098509689581927 
388.461430924690148 
0.478618715079664 
1.671370931391147 
0.919783453914348 
0.999990789700198 
0.0005904 
0.00000000 
302.285878920546793 
7.098510188865032 
388.462482888312877 
0.478618294264566 
1.671370931391147 
0.919783453914348 
0.999990789700198 
0.0005904 
0.00000000 
302.287551500469590 
7.098511209008474 
388.464632292552153 
0.478617434446918 
1.671370931391147 
0.919783453914348 
0.999990789700198 
0.0005904 
0.00000000 
302.290969335947523 
7.098513293598354 
388.469024495259760 
0.478615677470952 
1.671370931391147 
0.919783453914348 
0.999990789700198 
0.0005904 
0.00000000 
302.285087396626068 
7.098478325252336 
388.461465714276756 
0.478617995874892 
1.671370931391147 
0.919781759611834 
0.999988947650418 
0.0005904 
0.00000000 
302.286491846557908 
7.098487028798599 
388.463270549188621 
0.478616568607611 
1.671367852614334 
0.919780065312441 
0.999987105604031 
0.0005904 
0.00000000 
302.277053333158790 
7.098426357843773 
388.451141274864369 
0.478619304859122 
1.671364773843192 
0.919774982432988 
0.999981579485229 
0.0005904 
0.00000000 
302.272302707631070 
7.098384241388216 
388.445036326152319 
0.478618220693484 
1.671355537563792 
0.919766511029651 
0.999972369355090 
0.0005904 
0.00000000 
302.262244517135912 
7.098386741976672 
388.434257276777828 
0.478622704072929 
1.671352458815335 
0.919785148219983 
0.999994473809940 
0.0005904 
0.00000000 
302.202183805613743 
7.098067739860848 
388.359219990064560 
0.478636659026329 
1.671315514276209 
0.919744485746130 
0.999952107367374 
0.0005904 
0.00000000 
302.147732271231291 
7.097927135527366 
388.297827627762842 
0.478653431966401 
1.671284727784098 
0.919778371016169 
0.999996315869899 
0.0005903 
0.00000001 
302.002421804597986 
7.097292923682721 
388.121809462889416 
0.478689475776551 
1.671192371710333 
0.919766511029651 
0.999992631753371 
0.0005903 
0.00000001 
301.691019523391560 
7.095934304244079 
387.747319721472365 
0.478768878786300 
1.671001518663791 
0.919734320408550 
0.999979737452415 
0.0005902 
0.00000002 
301.073902996341076 
7.093358226909099 
387.003358934372784 
0.478927496081516 
1.670616800562130 
0.919695354321955 
0.999979737452415 
0.0005901 
0.00000005 
299.832283870147364 
7.088052571583185 
385.511745789795668 
0.479248199847552 
1.669850706038182 
0.919630979187077 
0.999999999999999 
0.0005899 
0.00000009 
297.345096488673164 
7.076963294990980 
382.508246745842598 
0.479879832408963 
1.668285766348097 
0.919429412518721 
0.999950265388849 
0.0005893 
0.00000019 
292.528898622534371 
7.054769883113259 
376.695470370450096 
0.481116003304901 
1.665246173166001 
0.919146616150295 
0.999981579485229 
0.0005882 
0.00000039 
283.603028147454438 
7.009329269904728 
365.874115723845307 
0.483388495430632 
1.659489252124392 
0.918571131851140 
0.999968685326784 
0.0005861 
0.00000079 
268.665959820632565 
6.918127461761330 
347.612885598366404 
0.487098824781303 
1.649523258258798 
0.917649415958950 
0.999933687734812 
0.0005820 
0.00000161 
248.284847702697391 
6.743294137999992 
322.270563866777763 
0.491581584622838 
1.635391148147032 
0.916715115622752 
0.999979737452415 
0.0005746 
0.00000329 
231.184048450433409 
6.448540522091419 
299.894904915153120 
0.492532128062449 
1.624052416793754 
0.916875551598836 
0.999955791334602 
0.0005632 
0.00000672 
235.822564044367851 
6.084409772825573 
302.743605445634273 
0.482515877498193 
1.632928776794084 
0.920081699775136 
0.999976053396966 
0.0005502 
0.00001374 
235.985722384370035 
5.838272833653511 
302.163880717524705 
0.479477975293049 
1.645517264723521 
0.920871840570791 
0.999965001312052 
0.0005381 
0.00002807 
233.686888395837173 
5.707645041466233 
299.365926141329794 
0.479265735177174 
1.651843290283723 
0.920741234043859 
0.999985263561037 
0.0005257 
0.00005736 
232.186832543591748 
5.624375207905457 
297.600467122634882 
0.479131447611053 
1.655931790571603 
0.920561468347538 
0.999965001312052 
0.0005129 
0.00011721 
231.132036333103912 
5.566213306553047 
296.382779905571965 
0.479038711492643 
1.658838261681559 
0.920437687852340 
0.999981579485229 
0.0004994 
0.00023950 
230.349831874034578 
5.523178555388292 
295.489138087691231 
0.478968962799715 
1.661015342900754 
0.920339353570786 
0.999998157933252 
0.0004850 
0.00048939 
229.735239012159951 
5.490028746957977 
294.782188132648969 
0.478911697404334 
1.662671467811689 
0.920195261964919 
0.999933687734812 
0.0004698 
0.00100000 
229.257371983232616 
5.464028521513801 
294.237303165832600 
0.478869150714230 
1.664001234801557 
0.920118987306887 
0.999928161911208 
0.0004536 
