0.00000000 
302.292548492624633 
7.098514256739112 
388.471053842862318 
0.478614865696888 
1.671370931391147 
0.919783453914348 
0.999990789700198 
0.0005904 
0.00000000 
302.288311811144354 
7.098480291882344 
388.465609354972514 
0.478616338313009 
1.671370931391147 
0.919781759611834 
0.999988947650418 
0.0005904 
0.00000000 
302.280216730105280 
7.098451820769338 
388.455206502907913 
0.478619089185760 
1.671367852614335 
0.919778371016169 
0.999985263561037 
0.0005904 
0.00000000 
302.277653005114701 
7.098434570687493 
388.451911903177347 
0.478618291294826 
1.671361695077722 
0.919773288146079 
0.999979737452415 
0.0005904 
0.00000000 
302.261220782300086 
7.098322569487079 
388.430795130879744 
0.478621802099927 
1.671352458815339 
0.919761428225102 
0.999966843317722 
0.0005904 
0.00000000 
302.241270407844297 
7.098303353113610 
388.409450078287477 
0.478629255917003 
1.671343222603996 
0.919774982432988 
0.999985263561037 
0.0005904 
0.00000000 
302.175504846512467 
7.097941670612423 
388.327080900167630 
0.478642620844027 
1.671297042312892 
0.919725849379725 
0.999933687734812 
0.0005904 
0.00000000 
302.121932724481496 
7.097802423273490 
388.264671966188359 
0.478658962554211 
1.671266256161039 
0.919780065312441 
0.999998157933252 
0.0005903 
0.00000000 
301.912344768642129 
7.096846900549938 
388.010334372752936 
0.478711175683237 
1.671136960515846 
0.919727543579248 
0.999953949349292 
0.0005903 
0.00000000 
301.550325843971223 
7.095382079910013 
387.577202673845079 
0.478806208191044 
1.670915334109789 
0.919730931987658 
0.999985263561037 
0.0005902 
0.00000000 
300.792207843475353 
7.092161993180489 
386.664769175230390 
0.479000609856530 
1.670444475583100 
0.919683495405889 
0.999987105604031 
0.0005901 
0.00000000 
299.251015066223545 
7.085472264071365 
384.806902886890043 
0.479394118150161 
1.669481629316785 
0.919559832964650 
0.999959475315403 
0.0005897 
0.00000001 
296.214599338548169 
7.071881406058877 
381.146627542059150 
0.480171022514319 
1.667579103846879 
0.919349814324875 
0.999944739473632 
0.0005891 
0.00000001 
290.405310625995412 
7.044428834368237 
374.126245815846232 
0.481656902292938 
1.663887826112326 
0.918999325558096 
0.999968685326784 
0.0005878 
0.00000002 
279.865376395240958 
6.988572863704952 
361.325652102986965 
0.484334217123954 
1.657036381786817 
0.918349497306465 
0.999979737452415 
0.0005851 
0.00000005 
263.039174885990235 
6.877213518554512 
340.678915458020413 
0.488436452320420 
1.645674892354909 
0.917380686002997 
0.999979737452415 
0.0005802 
0.00000009 
242.151591038349466 
6.668947465514387 
314.474727587840732 
0.492573260465512 
1.631100956869839 
0.916547954318815 
0.999972369355090 
0.0005716 
0.00000019 
229.624902799973427 
6.341287585526348 
297.270496100068385 
0.490832596482290 
1.623854982159077 
0.917509125722279 
0.999972369355090 
0.0005593 
0.00000039 
238.183798983929250 
5.992154268712312 
305.047478417924196 
0.479995868034365 
1.638125771655398 
0.920824345144853 
0.999988947650418 
0.0005466 
0.00000079 
235.178039511864455 
5.792155024484523 
301.166309527533144 
0.479404066781726 
1.647734531837262 
0.920837915016580 
0.999968685326784 
0.0005345 
0.00000161 
233.167971900286943 
5.679324114700314 
298.747387921315635 
0.479219957912131 
1.653200940449896 
0.920637779685709 
0.999924478045770 
0.0005220 
0.00000329 
231.822783714803080 
5.604991900475013 
297.174908787685581 
0.479101651755670 
1.656868509697327 
0.920471598661365 
0.999913426530885 
0.0005090 
0.00000672 
230.859782154383367 
5.552031715608085 
296.068022609223988 
0.479018106385457 
1.659525935243221 
0.920356307007731 
0.999931845790218 
0.0004952 
0.00001374 
230.155720235561830 
5.512515139365202 
295.266240809439978 
0.478950301995335 
1.661553938097933 
0.920307142900946 
0.999992631753371 
0.0004806 
0.00002807 
229.584567152918368 
5.481708481685042 
294.611647531745689 
0.478897818948042 
1.663100308755942 
0.920178311494506 
0.999941055547120 
0.0004651 
0.00005736 
229.147916808301517 
5.457545005230761 
294.117953259362082 
0.478859067015840 
1.664359902337663 
0.920149496411385 
0.999985263561037 
0.0004486 
0.00011721 
228.787473805128258 
5.437971947849567 
293.705625375748866 
0.478825294309943 
1.665362742147937 
0.920081699775136 
0.999968685326784 
0.0004311 
0.00023950 
228.495001806258813 
5.422041668823915 
293.373935161980683 
0.478799358396395 
1.666191230440045 
0.920041024191134 
0.999974211374331 
0.0004125 
0.00048939 
228.248848534698368 
5.408941383050231 
293.093520186525325 
0.478780224766908 
1.666869670187160 
0.920000350405345 
0.999970527339241 
0.0003930 
0.00100000 
228.047325710419273 
5.398116815112254 
292.863875674884753 
0.478762885714414 
1.667431664212759 
0.919966456957433 
0.999966843317722 
0.0003725 
