0.00000000 
295.564176248194542 
7.098057557087858 
380.928105183681907 
0.481727920794702 
1.669703065559503 
0.918775895248409 
0.999861854409768 
0.0005904 
0.00000000 
295.564194169627967 
7.098057568421654 
380.928128281128124 
0.481727911314632 
1.669703065559503 
0.918775895248409 
0.999861854409768 
0.0005904 
0.00000000 
295.564230797728271 
7.098057591585015 
380.928175488042768 
0.481727891939103 
1.669703065559503 
0.918775895248409 
0.999861854409768 
0.0005904 
0.00000000 
295.564305637401276 
7.098057638913632 
380.928271942678066 
0.481727852350442 
1.669703065559503 
0.918775895248409 
0.999861854409768 
0.0005904 
0.00000000 
295.564458566587859 
7.098057735625565 
380.928469040398227 
0.481727771454051 
1.669703065559503 
0.918775895248409 
0.999861854409768 
0.0005904 
0.00000000 
295.564771047473982 
7.098057933237183 
380.928871771044896 
0.481727606158265 
1.669703065559503 
0.918775895248409 
0.999861854409768 
0.0005904 
0.00000000 
295.565409568304290 
7.098058337034765 
380.929694707481644 
0.481727268394964 
1.669703065559503 
0.918775895248409 
0.999861854409768 
0.0005904 
0.00000000 
295.566714298693000 
7.098059162136232 
380.931376266055622 
0.481726578224618 
1.669703065559503 
0.918775895248409 
0.999861854409768 
0.0005904 
0.00000000 
295.569380356047020 
7.098060848115293 
380.934812325828034 
0.481725167958183 
1.669703065559503 
0.918775895248409 
0.999861854409768 
0.0005904 
0.00000000 
295.562393226823417 
7.098064293176114 
380.925807195606808 
0.481728154500241 
1.669699989855010 
0.918774202801885 
0.999860012597496 
0.0005904 
0.00000000 
295.561089831288655 
7.098032107351355 
380.924127357415102 
0.481728134497493 
1.669699989855010 
0.918772510358479 
0.999858170788616 
0.0005904 
0.00000000 
295.558965220340554 
7.098007266128141 
380.921389122922619 
0.481727839435763 
1.669696914156180 
0.918769125481018 
0.999854487181034 
0.0005904 
0.00000001 
295.543266159766347 
7.097958206950790 
380.903260852162532 
0.481732596938711 
1.669687687093692 
0.918760663341927 
0.999847120006582 
0.0005904 
0.00000001 
295.526309540287002 
7.097861361181435 
380.881406753654232 
0.481735182365920 
1.669672308769524 
0.918745431687967 
0.999830544062540 
0.0005904 
0.00000002 
295.484048537950400 
7.097591819723347 
380.826939758663400 
0.481744062615493 
1.669644628142952 
0.918713276803303 
0.999795551305329 
0.0005904 
0.00000005 
295.407803606224832 
7.097136478185954 
380.730777449766720 
0.481757453161024 
1.669583117282426 
0.918648970410071 
0.999727411029588 
0.0005904 
0.00000009 
295.363164656709785 
7.097310690328571 
380.690075181552913 
0.481784776217923 
1.669580041798886 
0.918819899952325 
0.999928161911208 
0.0005903 
0.00000019 
295.013945132872323 
7.095298108884894 
380.248375514119971 
0.481855564294752 
1.669324796413087 
0.918547443164073 
0.999639019754259 
0.0005903 
0.00000039 
294.290770264299908 
7.091198888490355 
379.337225785295686 
0.482006083229365 
1.668802126465024 
0.917990934846427 
0.999051784592568 
0.0005903 
0.00000079 
293.641601250292467 
7.089737834293434 
378.613421917982578 
0.482236385257632 
1.668485529583774 
0.918687892162979 
0.999909742719734 
0.0005900 
0.00000161 
291.532094057947404 
7.079658575811234 
376.036839822463207 
0.482762756411664 
1.667087689093110 
0.918220939945748 
0.999528541650070 
0.0005896 
0.00000329 
287.739288499950760 
7.062314128254624 
371.464732648450081 
0.483774752506217 
1.664666517062416 
0.918158359323182 
0.999747668464291 
0.0005887 
0.00000672 
280.490363341788566 
7.025942873468378 
362.673286084110885 
0.485677368877800 
1.659914214624137 
0.917784655766000 
0.999861854409768 
0.0005869 
0.00001374 
267.849767694153513 
6.951867879563221 
347.229725173042084 
0.488933568513719 
1.651377806197183 
0.917059665361535 
0.999937371634180 
0.0005835 
0.00002807 
249.118921994206374 
6.805850169556662 
324.007854781694448 
0.493381505140345 
1.638165000142358 
0.915845872225894 
0.999705312478048 
0.0005773 
0.00005736 
229.916758193102197 
6.547825752899358 
299.383768136442768 
0.496117565919865 
1.624585011700518 
0.915508524215582 
0.999727411029588 
0.0005670 
0.00011721 
227.002500866413754 
6.189161029778385 
293.330392978738587 
0.489409230087444 
1.626067022671774 
0.917860736916082 
0.999736618903569 
0.0005540 
0.00023950 
231.760807524119372 
5.892813286866366 
297.542369423591424 
0.482602986140499 
1.641203532379723 
0.919680107172240 
0.999554318782231 
0.0005417 
0.00048939 
229.038711621766140 
5.738522210534209 
294.172799702750808 
0.482381564469787 
1.648517809814453 
0.919424331577042 
0.999418075755699 
0.0005295 
0.00100000 
227.411221831598795 
5.644801503504533 
292.248784370687758 
0.482235566681431 
1.653155261441745 
0.919365055998746 
0.999543271358475 
0.0005168 
