0.00000000 
295.916838853646368 
7.098509211603190 
381.336258356813403 
0.481581285458008 
1.669823022454054 
0.918931613666463 
0.999990789700198 
0.0005904 
0.00000000 
295.916839687041431 
7.098509212128999 
381.336259430776522 
0.481581285017804 
1.669823022454054 
0.918931613666463 
0.999990789700198 
0.0005904 
0.00000000 
295.916841390876471 
7.098509213204714 
381.336261626440944 
0.481581284117844 
1.669823022454054 
0.918931613666463 
0.999990789700198 
0.0005904 
0.00000000 
295.916844872214938 
7.098509215402682 
381.336266112703299 
0.481581282279015 
1.669823022454054 
0.918931613666463 
0.999990789700198 
0.0005904 
0.00000000 
295.916851986164772 
7.098509219894266 
381.336275280167513 
0.481581278521458 
1.669823022454054 
0.918931613666463 
0.999990789700198 
0.0005904 
0.00000000 
295.916866521599843 
7.098509229070848 
381.336294011404448 
0.481581270843889 
1.669823022454054 
0.918931613666463 
0.999990789700198 
0.0005904 
0.00000000 
295.916896223228605 
7.098509247822425 
381.336332286711865 
0.481581255155592 
1.669823022454054 
0.918931613666463 
0.999990789700198 
0.0005904 
0.00000000 
295.916956914291575 
7.098509286138674 
381.336410496870315 
0.481581223098793 
1.669823022454054 
0.918931613666463 
0.999990789700198 
0.0005904 
0.00000000 
295.917080927688460 
7.098509364431972 
381.336570308001569 
0.481581157595383 
1.669823022454054 
0.918931613666463 
0.999990789700198 
0.0005904 
0.00000000 
295.917334332026542 
7.098509524413533 
381.336896860091372 
0.481581023748281 
1.669823022454054 
0.918931613666463 
0.999990789700198 
0.0005904 
0.00000000 
295.917852129296307 
7.098509851313941 
381.337564124834387 
0.481580750250425 
1.669823022454054 
0.918931613666463 
0.999990789700198 
0.0005904 
0.00000000 
295.918910179380077 
7.098510519288887 
381.338927591887000 
0.481580191395760 
1.669823022454054 
0.918931613666463 
0.999990789700198 
0.0005904 
0.00000001 
295.921072172019421 
7.098511884201472 
381.341713665795055 
0.481579049454505 
1.669823022454054 
0.918931613666463 
0.999990789700198 
0.0005904 
0.00000001 
295.913034215853429 
7.098475445463678 
381.333462792633100 
0.481582585792886 
1.669823022454054 
0.918929920933095 
0.999990789700198 
0.0005904 
0.00000002 
295.909605455442886 
7.098481144312226 
381.329044261074102 
0.481583687613838 
1.669819946528593 
0.918928228202846 
0.999988947650418 
0.0005904 
0.00000005 
295.915594358174815 
7.098453561435642 
381.334654625006522 
0.481579814973157 
1.669819946528593 
0.918926535475715 
0.999985263561037 
0.0005904 
0.00000009 
295.903459868929474 
7.098398900475574 
381.319017391440525 
0.481583387439512 
1.669813794694665 
0.918919764598370 
0.999977895422994 
0.0005904 
0.00000019 
295.880820828843525 
7.098329836344420 
381.291950452869912 
0.481589672226086 
1.669798415209011 
0.918906222993350 
0.999965001312052 
0.0005904 
0.00000039 
295.873476552288082 
7.098278977235813 
381.284593174664280 
0.481590732474321 
1.669792263454408 
0.918919764598370 
0.999981579485229 
0.0005904 
0.00000079 
295.796331627913617 
7.097893558193326 
381.187284994145614 
0.481608796590187 
1.669739974455345 
0.918865599375608 
0.999924478045770 
0.0005904 
0.00000161 
295.732087430301021 
7.097668300559028 
381.112919019709523 
0.481627927022040 
1.669703065559503 
0.918911301071847 
0.999981579485229 
0.0005903 
0.00000329 
295.505285068077001 
7.096620560171619 
380.835368267817898 
0.481684814857842 
1.669555438134509 
0.918841903094628 
0.999918952273058 
0.0005903 
0.00000672 
295.134056651964897 
7.095020069920476 
380.390576339040024 
0.481783007300692 
1.669321721405391 
0.918850365981968 
0.999957633323306 
0.0005902 
0.00001374 
294.328470195080513 
7.091573534812110 
379.419367043976024 
0.481997542132961 
1.668814422701265 
0.918808052324713 
0.999970527339241 
0.0005900 
0.00002807 
292.706740297140641 
7.084239903332401 
377.458096404390915 
0.482418206744227 
1.667772638151631 
0.918659123751850 
0.999922636118140 
0.0005897 
0.00005736 
289.540155598695605 
7.069874312999437 
373.634719450336831 
0.483255131341383 
1.665746250318404 
0.918508527361522 
0.999990789700198 
0.0005890 
0.00011721 
283.443628697773818 
7.040023884456264 
366.244845803438920 
0.484849615131892 
1.661771261730515 
0.918100856565577 
0.999981579485229 
0.0005875 
0.00023950 
272.548649213877582 
6.979608636476815 
352.965986262971626 
0.487669494270155 
1.654486560592433 
0.917416174127641 
0.999990789700198 
0.0005847 
0.00048939 
255.442796153714767 
6.859539469097992 
331.880459116092027 
0.491886620473708 
1.642597823764999 
0.916369007319236 
0.999922636118140 
0.0005795 
0.00100000 
235.170328693896465 
6.638052574181747 
306.263575989157232 
0.495724933133837 
1.628126114764666 
0.915668749023913 
0.999944739473632 
0.0005704 
