10000000000.0 
229.257371987157825 
5.464028521521643 
294.237303170870291 
0.478869150711726 
1.664001234801557 
0.920118987306887 
0.999928161911208 
0.0004536 
18873918221.4 
229.538529023193377 
5.478836737316310 
294.562336362677058 
0.478894702050949 
1.663268812244440 
0.920210517655258 
0.999987105604031 
0.0004633 
35622478902.6 
229.846862357476482 
5.495647907410688 
294.914007864585585 
0.478921592434032 
1.662408091774798 
0.920252895899929 
0.999983421521437 
0.0004727 
67233575365.0 
230.187477112827111 
5.514985251706597 
295.298822111434788 
0.478956566202465 
1.661403970758470 
0.920269847744251 
0.999942897508679 
0.0004817 
126896100316.8 
230.610301318314015 
5.537687843451309 
295.784032069762020 
0.478992117647336 
1.660268942890680 
0.920354611649984 
0.999970527339241 
0.0004904 
239502661998.7 
231.108381543611074 
5.564395675929319 
296.357360301093365 
0.479032023010415 
1.658939102635753 
0.920446165437474 
0.999996315869899 
0.0004988 
452035365636.0 
231.682800457933041 
5.596258969945309 
297.018441976032193 
0.479086772642074 
1.657344700284263 
0.920527554227654 
0.999999999999999 
0.0005070 
853167852417.3 
232.376869118675387 
5.634858770014993 
297.824291692810505 
0.479150806642331 
1.655422462187760 
0.920605558571347 
0.999990789700198 
0.0005148 
1610262027560.9 
233.246511287399301 
5.682785465199336 
298.843062376823241 
0.479223763086744 
1.653063907211835 
0.920702225297681 
0.999988947650418 
0.0005225 
3039195382313.2 
234.328992063612020 
5.744098278643342 
300.133757904168590 
0.479327106232761 
1.650061166594422 
0.920787029028698 
0.999974211374331 
0.0005299 
5736152510448.7 
235.776158392416193 
5.825969484623878 
301.902221510386653 
0.479454150689736 
1.646105413960682 
0.920858270199124 
0.999957633323306 
0.0005372 
10826367338740.6 
237.798607428047262 
5.943332876486011 
304.458237184942504 
0.479643642407580 
1.640508341533769 
0.920851485088281 
0.999913426530885 
0.0005444 
20433597178569.4 
234.274554437699607 
6.122763627740654 
301.175432302944728 
0.483958698545296 
1.630800524581559 
0.919653001752437 
0.999974211374331 
0.0005516 
38566204211634.7 
229.624902646514784 
6.341287585306288 
297.270495901402114 
0.490832596585954 
1.623854982159077 
0.917509125722279 
0.999972369355090 
0.0005593 
72789538439831.6 
234.870086191379897 
6.548428758787105 
304.984754051843652 
0.493108674220202 
1.626195826823106 
0.916605359814599 
0.999998157933252 
0.0005670 
137382379588326.1 
245.941774626656695 
6.716666669446911 
319.305151371198974 
0.491991810583752 
1.633744139232062 
0.916622244468190 
0.999957633323306 
0.0005735 
259294379740466.7 
258.421396742670140 
6.840901308171722 
334.966435666654377 
0.489520925884636 
1.642516129800963 
0.917132307565252 
0.999976053396966 
0.0005787 
489390091847749.9 
269.249827099404229 
6.927247722915919 
348.410677027727559 
0.487168431952527 
1.650228348971424 
0.917625751041668 
0.999948423413718 
0.0005824 
923670857187384.6 
277.511860717531533 
6.985467012587415 
358.629798056487516 
0.485383425994607 
1.656203293059455 
0.917999389896024 
0.999917110355607 
0.0005850 
1743328822199987.2 
283.454441609046171 
7.024427288135504 
365.975564032132070 
0.484135425500162 
1.660571745073666 
0.918349497306465 
0.999994473809940 
0.0005868 
3290344562312671.0 
287.508077741914462 
7.049821094470661 
370.979638039247732 
0.483305412921030 
1.663587483687283 
0.918506835407508 
0.999959475315403 
0.0005880 
6210169418915604.0 
290.260283406451606 
7.066648369868557 
374.379825105245402 
0.482755910779847 
1.665657268555687 
0.918648970410071 
0.999979737452415 
0.0005888 
11721022975334842.0 
292.070665019355602 
7.077470189730525 
376.612873907535459 
0.482398350532322 
1.667026272431986 
0.918687892162979 
0.999931845790218 
0.0005894 
22122162910704504.0 
293.296066992136900 
7.084804505949228 
378.130284396945683 
0.482163637720185 
1.667966194917409 
0.918782665065680 
0.999979737452415 
0.0005897 
41753189365603920.0 
294.085724862955544 
7.089445487999519 
379.104348579916405 
0.482009967310908 
1.668565441575474 
0.918792819885115 
0.999952107367374 
0.0005899 
78804628156698720.0 
294.610912215072062 
7.092509680317674 
379.754082043404480 
0.481909048250545 
1.668968133299041 
0.918813129860697 
0.999950265388849 
0.0005901 
148735210729351168.0 
294.972457735188414 
7.094702919222843 
380.203305951190600 
0.481842489281937 
1.669247922919971 
0.918868984608491 
0.999996315869899 
0.0005902 
280721620394116992.0 
295.189224412492194 
7.095934304239493 
380.472193316601533 
0.481801195417398 
1.669417049277955 
0.918862214155196 
0.999979737452415 
0.0005902 
529831690628372352.0 
295.306419178678993 
7.096620560171611 
380.612729897389784 
0.481778716620622 
1.669506231893466 
0.918814822378928 
0.999918952273058 
0.0005903 
1000000000000000000.0 
295.407081330992014 
7.097158282889489 
380.736158585196279 
0.481756564306881 
1.669576966321007 
0.918808052324713 
0.999906058922154 
0.0005903 
