10000000000.0 
222.653434952056728 
5.380111937348955 
286.805728553546487 
0.481835523159559 
1.666651679793350 
0.918826670093836 
0.999738460488542 
0.0003265 
18873918221.4 
222.754986702897583 
5.384473554777699 
286.928611785306259 
0.481840072396468 
1.666470554534655 
0.918923150030807 
0.999834227581911 
0.0003394 
35622478902.6 
222.801784137244141 
5.388793628792143 
286.973031964943289 
0.481851712649761 
1.666182022750632 
0.918824977553781 
0.999708995536049 
0.0003522 
67233575365.0 
222.879049186603993 
5.393788005453816 
287.056687071234137 
0.481861379854226 
1.665893540922843 
0.918787742461368 
0.999650068236271 
0.0003648 
126896100316.8 
222.990310599606971 
5.399560490035636 
287.182528159852097 
0.481866924388616 
1.665595904592240 
0.918808052324713 
0.999651909661811 
0.0003772 
239502661998.7 
223.148906767742602 
5.406365758395284 
287.374074418696637 
0.481873375237439 
1.665313659476800 
0.918957005041155 
0.999799234695783 
0.0003893 
452035365636.0 
223.208815212535967 
5.412973524980984 
287.425810187481261 
0.481893310773082 
1.664853579781173 
0.918767433046964 
0.999563525061964 
0.0004011 
853167852417.3 
223.341186465600487 
5.420890808974693 
287.572425790521152 
0.481905915936504 
1.664415088819937 
0.918738662145040 
0.999504606336864 
0.0004126 
1610262027560.9 
223.611151905630578 
5.430855723608874 
287.907302692932831 
0.481910119959648 
1.664080932018289 
0.919092437555891 
0.999874747190674 
0.0004236 
3039195382313.2 
223.818777189101638 
5.441230037262254 
288.149148553893667 
0.481922903704483 
1.663581354814562 
0.919185558987692 
0.999946581441979 
0.0004344 
5736152510448.7 
223.966872528258762 
5.452143138876135 
288.299976832627124 
0.481943209340989 
1.662907316645008 
0.919009482772166 
0.999708995536049 
0.0004448 
10826367338740.6 
224.239099028234023 
5.465546605543141 
288.620092622577715 
0.481961408445718 
1.662282543466982 
0.919161854455393 
0.999839752886414 
0.0004548 
20433597178569.4 
224.375089523603066 
5.479345164884212 
288.742465913993897 
0.481999199995333 
1.661351944436049 
0.918796204849870 
0.999381256503969 
0.0004646 
38566204211634.7 
224.774789350630556 
5.497196838319399 
289.220066229657618 
0.482014763452367 
1.660590098495944 
0.919109368023579 
0.999679531451967 
0.0004739 
72789538439831.6 
225.088010958708907 
5.516568623024470 
289.565478871008963 
0.482047236901143 
1.659525935243221 
0.919011175652093 
0.999506447494453 
0.0004829 
137382379588326.1 
225.616956345908250 
5.540590352006557 
290.197828259361700 
0.482070784668484 
1.658502169435989 
0.919414169777917 
0.999889482000993 
0.0004915 
259294379740466.7 
225.946987335535397 
5.566493891412780 
290.537220136119174 
0.482128092745406 
1.656929552125673 
0.918985782780630 
0.999326030169694 
0.0005000 
489390091847749.9 
226.581563869734680 
5.599517528865692 
291.282364800353037 
0.482175037900068 
1.655373672483123 
0.919231276597790 
0.999511970987571 
0.0005081 
923670857187384.6 
227.324666449747667 
5.639410957523922 
292.153695618053405 
0.482230236155403 
1.653453720443789 
0.919417557031813 
0.999618764521057 
0.0005159 
1743328822199987.2 
228.262542570253231 
5.689173788745467 
293.266645949154167 
0.482293964235435 
1.651101011861204 
0.919675024845175 
0.999793709615191 
0.0005234 
3290344562312671.0 
229.413509517727988 
5.752846502065575 
294.650926100324796 
0.482385349347328 
1.648059334502532 
0.919873256413927 
0.999902375138147 
0.0005308 
6210169418915604.0 
230.901026938259236 
5.838113286793933 
296.474596163160072 
0.482510528711445 
1.643959988183946 
0.919947816093324 
0.999885798278057 
0.0005381 
11721022975334842.0 
232.797052306837401 
5.960570239573992 
298.866129095436861 
0.482735036366243 
1.637842147471302 
0.919366749533662 
0.999206383581370 
0.0005454 
22122162910704504.0 
228.156809775767101 
6.147476545484577 
294.367769954990024 
0.487950301378829 
1.627625338798260 
0.917701819019102 
0.999049944272496 
0.0005527 
41753189365603920.0 
224.985162064728172 
6.368079091416524 
292.237739397029429 
0.494345705749347 
1.622106042235207 
0.916239039425593 
0.999699787916489 
0.0005604 
78804628156698720.0 
231.110378649542838 
6.571724267451091 
300.981271158452444 
0.496114138081609 
1.625405190184580 
0.915650195242316 
0.999930003849016 
0.0005679 
148735210729351168.0 
242.252861532161234 
6.734406656151586 
315.366921446530398 
0.494763800181227 
1.633256678067915 
0.915742967909922 
0.999898691367710 
0.0005743 
280721620394116992.0 
254.431360799154277 
6.853177255894018 
330.646753949278150 
0.492198422894429 
1.641974631823816 
0.916213723150043 
0.999834227581911 
0.0005792 
529831690628372352.0 
265.360027058331696 
6.935145111554984 
344.156142604146282 
0.489546473902006 
1.649632649136484 
0.916711738325002 
0.999707154005352 
0.0005828 
1000000000000000000.0 
273.945030120982040 
6.988484420506072 
354.639126296288225 
0.487324862491790 
1.655434659838606 
0.916647572031759 
0.999026020420071 
0.0005854 
