10000000000.0 
237.507081948907569 
5.925866650164004 
304.086671817253830 
0.479616607889360 
1.641354699802896 
0.920895589202419 
0.999963159309776 
0.0005435 
18873918221.4 
235.322953364412058 
6.097021375170867 
302.237474759174575 
0.482979597228638 
1.632216044307422 
0.919947816093324 
0.999979737452415 
0.0005507 
35622478902.6 
229.621008487009277 
6.313676392573417 
297.063464968578899 
0.490214035539419 
1.624160118530236 
0.917683224042327 
0.999935529682800 
0.0005583 
67233575365.0 
233.781361035581881 
6.524294793075371 
303.520693167962349 
0.493057466635705 
1.625509987329073 
0.916635752415005 
0.999976053396966 
0.0005661 
126896100316.8 
244.400975464226747 
6.698145358352927 
317.348578732457668 
0.492246141160100 
1.632670112158235 
0.916595229171737 
0.999974211374331 
0.0005728 
239502661998.7 
256.965065123315185 
6.827570741261842 
333.143164503332457 
0.489811094422257 
1.641463548969048 
0.917061354649760 
0.999963159309776 
0.0005781 
452035365636.0 
268.665959946045689 
6.918127461862808 
347.612885760631912 
0.487098824707892 
1.649523258258798 
0.917649415958950 
0.999933687734812 
0.0005820 
853167852417.3 
278.331375790458367 
6.979608636544449 
359.454387135899765 
0.484717402457028 
1.656020252785560 
0.918266609578506 
0.999990789700198 
0.0005847 
1610262027560.9 
285.654078676520498 
7.020343958553116 
368.365417579888174 
0.482869785395957 
1.660825652088421 
0.918699738241177 
0.999968685326784 
0.0005866 
3039195382313.2 
290.957304887341820 
7.047105208082415 
374.791805827928556 
0.481515059398381 
1.664240337903217 
0.919009482772166 
0.999939213588954 
0.0005879 
5736152510448.7 
294.677951826573008 
7.064900323388749 
379.293032166421710 
0.480567846311335 
1.666614839162955 
0.919283769991284 
0.999981579485229 
0.0005887 
10826367338740.6 
297.214731475466294 
7.076432324477487 
382.353221216209249 
0.479915879165896 
1.668208940702993 
0.919432799828773 
0.999965001312052 
0.0005893 
20433597178569.4 
298.941922683894234 
7.084096914450406 
384.437058192616576 
0.479473491372079 
1.669290971639968 
0.919566608558210 
0.999990789700198 
0.0005897 
38566204211634.7 
300.078413219062384 
7.089060822251335 
385.806887489571864 
0.479183101134019 
1.670001435825820 
0.919639449342113 
0.999990789700198 
0.0005899 
72789538439831.6 
300.831208919613516 
7.092341131312017 
386.712767529948167 
0.478991000425348 
1.670469092348913 
0.919688577779765 
0.999990789700198 
0.0005901 
137382379588326.1 
301.311344478175386 
7.094285829955854 
387.287165677330336 
0.478863987493349 
1.670761444176414 
0.919675024845175 
0.999939213588954 
0.0005902 
259294379740466.7 
301.553499411686403 
7.095843430907561 
387.589849112938282 
0.478826372061544 
1.670955347814184 
0.919722460990039 
0.999983421521437 
0.0005902 
489390091847749.9 
301.029491817707196 
7.096724168514543 
387.023260429893867 
0.479111510375134 
1.670912256172214 
0.919636061270736 
0.999981579485229 
0.0005903 
923670857187384.6 
300.010075918353607 
7.097309221335028 
385.893854853690243 
0.479611079009205 
1.670718357534951 
0.919486998486828 
0.999976053396966 
0.0005903 
1743328822199987.2 
298.946102742573487 
7.097802423094397 
384.712340913562514 
0.480127720768961 
1.670499863816325 
0.919358281890274 
0.999998157933252 
0.0005903 
3290344562312671.0 
298.005868394706965 
7.098000719054115 
383.665579538383952 
0.480576413623066 
1.670290629015410 
0.919216037141778 
0.999985263561037 
0.0005903 
6210169418915604.0 
297.262879106419064 
7.098013839653370 
382.831708676204414 
0.480926267822913 
1.670115261211690 
0.919080586414073 
0.999944739473632 
0.0005904 
11721022975334842.0 
296.747741291170939 
7.098255827934146 
382.261222154574170 
0.481177952453664 
1.670004512085598 
0.919034876298493 
0.999976053396966 
0.0005904 
22122162910704504.0 
296.382207416467566 
7.098379244430927 
381.855763783167049 
0.481356308591121 
1.669927607291130 
0.919001018419312 
0.999996315869899 
0.0005904 
41753189365603920.0 
296.122274062199722 
7.098324927613871 
381.563037927402092 
0.481476370140615 
1.669859934001551 
0.918940077380072 
0.999966843317722 
0.0005904 
78804628156698720.0 
295.948225460300534 
7.098372206263991 
381.370382382689968 
0.481561162077673 
1.669823022454054 
0.918923150030807 
0.999976053396966 
0.0005904 
148735210729351168.0 
295.841168512714773 
7.098430247238880 
381.251386029773073 
0.481613458378701 
1.669798415209008 
0.918912993770915 
0.999981579485229 
0.0005904 
280721620394116992.0 
295.757768790968726 
7.098456108164446 
381.158652804153633 
0.481653985091794 
1.669779960013198 
0.918904530306754 
0.999985263561037 
0.0005904 
529831690628372352.0 
295.719030665612820 
7.098486583582462 
381.115047244255720 
0.481673043301826 
1.669770732491780 
0.918901144942915 
0.999987105604031 
0.0005904 
1000000000000000000.0 
295.685080218114365 
7.098480852798159 
381.077610471575781 
0.481689573526870 
1.669764580839166 
0.918897759591549 
0.999988947650418 
0.0005904 
