10000000000.0 
296.950929125870118 
7.075299794201316 
382.037074165792376 
0.479985477064673 
1.668046082035617 
0.919429412518721 
0.999981579485229 
0.0005892 
18873918221.4 
298.744070935054026 
7.083188262132625 
384.195360979163411 
0.479521710266369 
1.669161828810451 
0.919515792823394 
0.999946581441979 
0.0005896 
35622478902.6 
299.959519138096994 
7.088539320897649 
385.662551833716748 
0.479211699678446 
1.669921455060572 
0.919620815104012 
0.999977895422994 
0.0005899 
67233575365.0 
300.737364128551064 
7.091823842722586 
386.596404643848530 
0.479010641234008 
1.670404474112356 
0.919639449342113 
0.999941055547120 
0.0005901 
126896100316.8 
301.269187437180960 
7.094168041300913 
387.237259477885345 
0.478876615077886 
1.670736823102374 
0.919693660181726 
0.999963159309776 
0.0005902 
239502661998.7 
301.610659541705786 
7.095557265053477 
387.646179544652739 
0.478787039315060 
1.670946113797353 
0.919698742611775 
0.999942897508679 
0.0005902 
452035365636.0 
301.860891119692781 
7.096708307228691 
387.952782938335588 
0.478726438708201 
1.671106177312782 
0.919761428225102 
0.999998157933252 
0.0005903 
853167852417.3 
301.991007609891710 
7.097214607062324 
388.104995628349059 
0.478691100509437 
1.671183136383662 
0.919736014623678 
0.999957633323306 
0.0005903 
1610262027560.9 
302.098708539434881 
7.097725533521465 
388.236971439514605 
0.478665972632701 
1.671253941859090 
0.919768205304078 
0.999987105604031 
0.0005903 
3039195382313.2 
302.159129075531951 
7.097948972984030 
388.310328065775252 
0.478649668233941 
1.671290885037152 
0.919763122490164 
0.999977895422994 
0.0005903 
5736152510448.7 
302.193893559713160 
7.097992098000632 
388.348566217177961 
0.478636690584405 
1.671306278269032 
0.919734320408550 
0.999941055547120 
0.0005904 
10826367338740.6 
302.233547780614515 
7.098228051011241 
388.397379381046164 
0.478628994966727 
1.671333986443692 
0.919764816758347 
0.999972369355090 
0.0005904 
20433597178569.4 
302.262244508619290 
7.098386741971554 
388.434257265833253 
0.478622704077309 
1.671352458815335 
0.919785148219983 
0.999994473809940 
0.0005904 
38566204211634.7 
302.260269184823699 
7.098329836352340 
388.429572249018065 
0.478621586050890 
1.671349380072553 
0.919759733963161 
0.999965001312052 
0.0005904 
72789538439831.6 
302.270706461728082 
7.098375420496681 
388.442985017472097 
0.478619746591039 
1.671358616317923 
0.919768205304078 
0.999974211374331 
0.0005904 
137382379588326.1 
302.274015422871173 
7.098432351911170 
388.447237307608816 
0.478620161325603 
1.671361695077722 
0.919773288146079 
0.999979737452415 
0.0005904 
259294379740466.7 
302.173747324330634 
7.098457486275858 
388.335552262371436 
0.478667487236082 
1.671340143878222 
0.919763122490164 
0.999983421521437 
0.0005904 
489390091847749.9 
301.439923698971199 
7.098487485949952 
387.516673116239303 
0.479005971870662 
1.671164665883429 
0.919668248452777 
0.999987105604031 
0.0005904 
923670857187384.6 
300.280495749121826 
7.098481443646032 
386.220343755354747 
0.479542040576201 
1.670887632875744 
0.919515792823394 
0.999988947650418 
0.0005904 
1743328822199987.2 
299.118541608361227 
7.098477487296063 
384.919361391155178 
0.480081609160185 
1.670607568416175 
0.919361668938271 
0.999988947650418 
0.0005904 
3290344562312671.0 
298.116702462585238 
7.098514124514297 
383.799788167565112 
0.480548794275629 
1.670361396676662 
0.919227890030176 
0.999990789700198 
0.0005904 
6210169418915604.0 
297.359650956345718 
7.098512428279206 
382.952104292443778 
0.480903067700339 
1.670176791677485 
0.919126298803140 
0.999990789700198 
0.0005904 
11721022975334842.0 
296.806548585997461 
7.098511317628058 
382.332750163064645 
0.481162579717567 
1.670041427644932 
0.919051805705851 
0.999990789700198 
0.0005904 
22122162910704504.0 
296.417889523226449 
7.098510590400661 
381.897515328144323 
0.481345281768765 
1.669946064118811 
0.918999325558096 
0.999990789700198 
0.0005904 
41753189365603920.0 
296.142599607923842 
7.098510114230448 
381.589228044300796 
0.481474862960486 
1.669878390081272 
0.918962083400285 
0.999990789700198 
0.0005904 
78804628156698720.0 
295.967603601113353 
7.098509802446382 
381.393246144665511 
0.481557311661675 
1.669835326212561 
0.918938384631114 
0.999990789700198 
0.0005904 
148735210729351168.0 
295.855183309624124 
7.098509598298418 
381.267339972437810 
0.481610309543362 
1.669807642883407 
0.918923150030807 
0.999990789700198 
0.0005904 
280721620394116992.0 
295.767829935033205 
7.098509464627424 
381.169512704930867 
0.481651504804925 
1.669786111722471 
0.918911301071847 
0.999990789700198 
0.0005904 
529831690628372352.0 
295.717913700794270 
7.098509377103119 
381.113607728850923 
0.481675052582943 
1.669773808326589 
0.918904530306754 
0.999990789700198 
0.0005904 
1000000000000000000.0 
295.680498115895148 
7.098509319794180 
381.071705078705236 
0.481692705638132 
1.669764580839166 
0.918899452265672 
0.999990789700198 
0.0005904 
