      z0          |          ODMax         |          ODVir           |        rvir/rmax         |      avir/amax       |     bool collapse     |      collapse time
   59873.14       |       0.0000000000     |     0.0000000000e+00     |     0.0000000000e+00     |     0.0000000000     |         False          |     4.6970058838e-03     |     1.8841552734e-03
   37964.93       |       0.0000000000     |     0.0000000000e+00     |     0.0000000000e+00     |     0.0000000000     |         False          |     5.3709606616e-03     |     1.3684082031e-03
   24073.03       |       0.0000000000     |     0.0000000000e+00     |     0.0000000000e+00     |     0.0000000000     |         False          |     7.0647306930e-04     |     1.0485839844e-03
   15264.24       |       0.0000000000     |     0.0000000000e+00     |     0.0000000000e+00     |     0.0000000000     |         False          |     3.9381420433e-03     |     8.7615966797e-04
   9678.62        |       0.0000000000     |     0.0000000000e+00     |     0.0000000000e+00     |     0.0000000000     |         False          |     2.1499120491e-03     |     7.2540283203e-04
   6136.80        |       0.0000000000     |     0.0000000000e+00     |     0.0000000000e+00     |     0.0000000000     |         False          |     1.8508254764e-03     |     8.2916259766e-04
   3890.95        |       0.0000000000     |     0.0000000000e+00     |     0.0000000000e+00     |     0.0000000000     |         False          |     5.4574995855e-04     |     1.0998535156e-03
   2466.87        |       0.0000000000     |     0.0000000000e+00     |     0.0000000000e+00     |     0.0000000000     |         False          |     7.9705240438e-04     |     1.5982055664e-03
   1563.87        |       0.0000000000     |     0.0000000000e+00     |     0.0000000000e+00     |     0.0000000000     |         False          |     3.2369747046e-04     |     2.4319458008e-03
   991.27         |       0.0000000000     |     0.0000000000e+00     |     0.0000000000e+00     |     0.0000000000     |         False          |     1.5181182585e-04     |     3.7811279297e-03
