Overdensity at virialization     Overdensity at maximum radius		Radius ratio 		        Time ratio	           Z_coll			Initial Overdensity 
        145.2403988948 	  | 		 5.5411788711e+00    	|     4.9941144180e-01  	|	1.4930155208	|	3.4815017946e+00 	|	0.0050000000    |     LCDM 
        145.2403988948 	  | 		 5.5411788711e+00    	|     4.9941144180e-01  	|	1.4930155208	|	3.4815017946e+00 	|	0.0050000000    |     LCDM 
        134.1806837002 	  | 		 5.4621186032e+00    	|     4.9460100657e-01  	|	1.5189379117	|	1.1052906112e+00 	|	0.0025000000    |     LCDM 
        134.1806837002 	  | 		 5.4621186032e+00    	|     4.9460100657e-01  	|	1.5189379117	|	1.1052906112e+00 	|	0.0025000000    |     LCDM 
        134.1806837002 	  | 		 5.4621186032e+00    	|     4.9460100657e-01  	|	1.5189379117	|	1.1052906112e+00 	|	0.0025000000    |     LCDM 
        119.0498894151 	  | 		 5.3213542760e+00    	|     4.8460297297e-01  	|	1.5696219173	|	4.3803011283e-01 	|	0.0018750000    |     LCDM 
        119.0498894151 	  | 		 5.3213542760e+00    	|     4.8460297297e-01  	|	1.5696219173	|	4.3803011283e-01 	|	0.0018750000    |     LCDM 
        104.9924758262 	  | 		 5.1143112929e+00    	|     4.6587246516e-01  	|	1.6572559642	|	4.4949884789e-02 	|	0.0015625000    |     LCDM 
        104.9924758262 	  | 		 5.1143112929e+00    	|     4.6587246516e-01  	|	1.6572559642	|	4.4949884789e-02 	|	0.0015625000    |     LCDM 
        104.9924758262 	  | 		 5.1143112929e+00    	|     4.6587246516e-01  	|	1.6572559642	|	4.4949884789e-02 	|	0.0015625000    |     LCDM 
        104.9924758262 	  | 		 5.1143112929e+00    	|     4.6587246516e-01  	|	1.6572559642	|	4.4949884789e-02 	|	0.0015625000    |     LCDM 
        104.9924758262 	  | 		 5.1143112929e+00    	|     4.6587246516e-01  	|	1.6572559642	|	4.4949884789e-02 	|	0.0015625000    |     LCDM 
        104.0210555642 	  | 		 5.0934976413e+00    	|     4.6370668205e-01  	|	1.6670805663	|	1.7410419040e-02 	|	0.0015429688    |     LCDM 
        104.0210555642 	  | 		 5.0934976413e+00    	|     4.6370668205e-01  	|	1.6670805663	|	1.7410419040e-02 	|	0.0015429688    |     LCDM 
        103.5392198037 	  | 		 5.0825584811e+00    	|     4.6254594650e-01  	|	1.6723301260	|	3.4643940421e-03 	|	0.0015332031    |     LCDM 
        103.5392198037 	  | 		 5.0825584811e+00    	|     4.6254594650e-01  	|	1.6723301260	|	3.4643940421e-03 	|	0.0015332031    |     LCDM 
        103.5392198037 	  | 		 5.0825584811e+00    	|     4.6254594650e-01  	|	1.6723301260	|	3.4643940421e-03 	|	0.0015332031    |     LCDM 
        103.5392198037 	  | 		 5.0825584811e+00    	|     4.6254594650e-01  	|	1.6723301260	|	3.4643940421e-03 	|	0.0015332031    |     LCDM 
        103.4898133096 	  | 		 5.0811465265e+00    	|     4.6238175426e-01  	|	1.6730137818	|	1.6992053804e-03 	|	0.0015319824    |     LCDM 
        103.4898133096 	  | 		 5.0811465265e+00    	|     4.6238175426e-01  	|	1.6730137818	|	1.6992053804e-03 	|	0.0015319824    |     LCDM 
        103.4607339320 	  | 		 5.0804271068e+00    	|     4.6230565768e-01  	|	1.6733557145	|	8.3350882655e-04 	|	0.0015313721    |     LCDM 
        103.4607339320 	  | 		 5.0804271068e+00    	|     4.6230565768e-01  	|	1.6733557145	|	8.3350882655e-04 	|	0.0015313721    |     LCDM 
        103.4265136098 	  | 		 5.0800631683e+00    	|     4.6229583257e-01  	|	1.6735135532	|	3.9307801368e-04 	|	0.0015310669    |     LCDM 
        103.4265136098 	  | 		 5.0800631683e+00    	|     4.6229583257e-01  	|	1.6735135532	|	3.9307801368e-04 	|	0.0015310669    |     LCDM 
        103.4276395029 	  | 		 5.0799618841e+00    	|     4.6226467997e-01  	|	1.6735924781	|	1.7293529424e-04 	|	0.0015309143    |     LCDM 
        103.4276395029 	  | 		 5.0799618841e+00    	|     4.6226467997e-01  	|	1.6735924781	|	1.7293529424e-04 	|	0.0015309143    |     LCDM 
        103.4285232273 	  | 		 5.0798315438e+00    	|     4.6224866021e-01  	|	1.6736450968	|	6.2882101599e-05 	|	0.0015308380    |     LCDM 
        103.4285232273 	  | 		 5.0798315438e+00    	|     4.6224866021e-01  	|	1.6736450968	|	6.2882101599e-05 	|	0.0015308380    |     LCDM 
        103.4285232273 	  | 		 5.0798315438e+00    	|     4.6224866021e-01  	|	1.6736450968	|	6.2882101599e-05 	|	0.0015308380    |     LCDM 
        103.4373168087 	  | 		 5.0799181362e+00    	|     4.6223229022e-01  	|	1.6736450968	|	3.1440556546e-05 	|	0.0015308189    |     LCDM 
        103.4373168087 	  | 		 5.0799181362e+00    	|     4.6223229022e-01  	|	1.6736450968	|	3.1440556546e-05 	|	0.0015308189    |     LCDM 
        103.4259263558 	  | 		 5.0799034623e+00    	|     4.6224590327e-01  	|	1.6736450968	|	1.5720154712e-05 	|	0.0015308046    |     LCDM 
        103.4259263558 	  | 		 5.0799034623e+00    	|     4.6224590327e-01  	|	1.6736450968	|	1.5720154712e-05 	|	0.0015308046    |     LCDM 
        103.4259263558 	  | 		 5.0799034623e+00    	|     4.6224590327e-01  	|	1.6736450968	|	1.5720154712e-05 	|	0.0015308046    |     LCDM 
        103.4220783516 	  | 		 5.0798893310e+00    	|     4.6225121686e-01  	|	1.6736450968	|	1.5720154712e-05 	|	0.0015308034    |     LCDM 
        103.4220783516 	  | 		 5.0798893310e+00    	|     4.6225121686e-01  	|	1.6736450968	|	1.5720154712e-05 	|	0.0015308034    |     LCDM 
        103.4200759790 	  | 		 5.0798819772e+00    	|     4.6225398197e-01  	|	1.6736450968	|	1.5720154712e-05 	|	0.0015308028    |     LCDM 
        103.4200759790 	  | 		 5.0798819772e+00    	|     4.6225398197e-01  	|	1.6736450968	|	1.5720154712e-05 	|	0.0015308028    |     LCDM 
        103.4200759790 	  | 		 5.0798819772e+00    	|     4.6225398197e-01  	|	1.6736450968	|	1.5720154712e-05 	|	0.0015308028    |     LCDM 
        103.4200759790 	  | 		 5.0798819772e+00    	|     4.6225398197e-01  	|	1.6736450968	|	1.5720154712e-05 	|	0.0015308028    |     LCDM 
        103.4200759790 	  | 		 5.0798819772e+00    	|     4.6225398197e-01  	|	1.6736450968	|	1.5720154712e-05 	|	0.0015308028    |     LCDM 
        103.4200759790 	  | 		 5.0798819772e+00    	|     4.6225398197e-01  	|	1.6736450968	|	1.5720154712e-05 	|	0.0015308028    |     LCDM 
        103.4200759790 	  | 		 5.0798819772e+00    	|     4.6225398197e-01  	|	1.6736450968	|	1.5720154712e-05 	|	0.0015308028    |     LCDM 
        103.4202015800 	  | 		 5.0798824385e+00    	|     4.6225380853e-01  	|	1.6736450968	|	1.5720154712e-05 	|	0.0015308028    |     LCDM 
        106.0593884463 	  | 		 5.1355735419e+00    	|     4.6803467999e-01  	|	1.6474230359	|	7.4588585390e-02 	|	0.0015308028    |     LCDM 
        146.8437156262 	  | 		 5.5516443326e+00    	|     4.9999738544e-01  	|	1.4897462812	|	3.6682437775e-01 	|	0.0015308028    |     EdS 
--------------------------------------------------------------------------------------------------------------------------------------------------------------------------------------------------------------------------------------------------------------------------------------------------------------------------------------------------------------------------------------------------------------------------------------------------------------------------------------------------------------------
        146.8413223520 	  | 		 5.5515164598e+00    	|     4.9999976563e-01  	|	1.4897567176	|	1.2101140742e+00 	|	0.0025000000    |     EdS 
        146.8413223520 	  | 		 5.5515164598e+00    	|     4.9999976563e-01  	|	1.4897567176	|	1.2101140742e+00 	|	0.0025000000    |     EdS 
        146.8389541604 	  | 		 5.5517713243e+00    	|     5.0000224489e-01  	|	1.4897332988	|	6.2899898296e-04 	|	0.0011865234    |     EdS 
        146.8389541604 	  | 		 5.5517713243e+00    	|     5.0000224489e-01  	|	1.4897332988	|	6.2899898296e-04 	|	0.0011865234    |     EdS 
        146.8389541604 	  | 		 5.5517713243e+00    	|     5.0000224489e-01  	|	1.4897332988	|	6.2899898296e-04 	|	0.0011865234    |     EdS 
        146.8389541604 	  | 		 5.5517713243e+00    	|     5.0000224489e-01  	|	1.4897332988	|	6.2899898296e-04 	|	0.0011865234    |     EdS 
        146.8416067648 	  | 		 5.5516627898e+00    	|     4.9999954710e-01  	|	1.4897439393	|	4.9092571293e-02 	|	0.0011859131    |     EdS 
