Overdensity at virialization     Overdensity at maximum radius		Radius ratio 		        Time ratio	           Z_coll			Initial Overdensity 
        145.4355042015 	  | 		 5.5425255463e+00    	|     4.9945799692e-01  	|	1.4926403536	|	3.6637678813e+00 	|	0.0050000000    |     LCDM 
        145.4355042015 	  | 		 5.5425255463e+00    	|     4.9945799692e-01  	|	1.4926403536	|	3.6637678813e+00 	|	0.0050000000    |     LCDM 
        121.5858642223 	  | 		 5.3475766513e+00    	|     4.8649525203e-01  	|	1.5597383597	|	5.1631558119e-01 	|	0.0018750000    |     LCDM 
        121.5858642223 	  | 		 5.3475766513e+00    	|     4.8649525203e-01  	|	1.5597383597	|	5.1631558119e-01 	|	0.0018750000    |     LCDM 
        107.8708152577 	  | 		 5.1665560124e+00    	|     4.7093880548e-01  	|	1.6335134428	|	1.2089069007e-01 	|	0.0015625000    |     LCDM 
        107.8708152577 	  | 		 5.1665560124e+00    	|     4.7093880548e-01  	|	1.6335134428	|	1.2089069007e-01 	|	0.0015625000    |     LCDM 
        107.8708152577 	  | 		 5.1665560124e+00    	|     4.7093880548e-01  	|	1.6335134428	|	1.2089069007e-01 	|	0.0015625000    |     LCDM 
        103.5942448867 	  | 		 5.0809587895e+00    	|     4.6218384480e-01  	|	1.6732188553	|	1.3597263083e-03 	|	0.0014794922    |     LCDM 
        103.5942448867 	  | 		 5.0809587895e+00    	|     4.6218384480e-01  	|	1.6732188553	|	1.3597263083e-03 	|	0.0014794922    |     LCDM 
        103.5942448867 	  | 		 5.0809587895e+00    	|     4.6218384480e-01  	|	1.6732188553	|	1.3597263083e-03 	|	0.0014794922    |     LCDM 
        103.5942448867 	  | 		 5.0809587895e+00    	|     4.6218384480e-01  	|	1.6732188553	|	1.3597263083e-03 	|	0.0014794922    |     LCDM 
        103.5748235578 	  | 		 5.0799513917e+00    	|     4.6204282186e-01  	|	1.6737212320	|	1.1060633763e-04 	|	0.0014786530    |     LCDM 
        103.5748235578 	  | 		 5.0799513917e+00    	|     4.6204282186e-01  	|	1.6737212320	|	1.1060633763e-04 	|	0.0014786530    |     LCDM 
        103.5556384871 	  | 		 5.0798276099e+00    	|     4.6206077060e-01  	|	1.6737476770	|	3.1600562489e-05 	|	0.0014786053    |     LCDM 
        103.5556384871 	  | 		 5.0798276099e+00    	|     4.6206077060e-01  	|	1.6737476770	|	3.1600562489e-05 	|	0.0014786053    |     LCDM 
        103.5755147138 	  | 		 5.0797650963e+00    	|     4.6203124750e-01  	|	1.6737741225	|	3.1600562489e-05 	|	0.0014786005    |     LCDM 
        103.5755147138 	  | 		 5.0797650963e+00    	|     4.6203124750e-01  	|	1.6737741225	|	3.1600562489e-05 	|	0.0014786005    |     LCDM 
        103.5755147138 	  | 		 5.0797650963e+00    	|     4.6203124750e-01  	|	1.6737741225	|	3.1600562489e-05 	|	0.0014786005    |     LCDM 
        103.5715107541 	  | 		 5.0797504277e+00    	|     4.6203676629e-01  	|	1.6737741225	|	3.1600562489e-05 	|	0.0014785993    |     LCDM 
        103.5715107541 	  | 		 5.0797504277e+00    	|     4.6203676629e-01  	|	1.6737741225	|	3.1600562489e-05 	|	0.0014785993    |     LCDM 
        103.5695961506 	  | 		 5.0799060453e+00    	|     4.6203940534e-01  	|	1.6737476770	|	3.1600562489e-05 	|	0.0014785987    |     LCDM 
        103.5695961506 	  | 		 5.0799060453e+00    	|     4.6203940534e-01  	|	1.6737476770	|	3.1600562489e-05 	|	0.0014785987    |     LCDM 
        103.5683769872 	  | 		 5.0799015782e+00    	|     4.6204108584e-01  	|	1.6737476770	|	3.1600562489e-05 	|	0.0014785984    |     LCDM 
        103.5683769872 	  | 		 5.0799015782e+00    	|     4.6204108584e-01  	|	1.6737476770	|	3.1600562489e-05 	|	0.0014785984    |     LCDM 
        103.5680293076 	  | 		 5.0799003043e+00    	|     4.6204156509e-01  	|	1.6737476770	|	3.1600562489e-05 	|	0.0014785983    |     LCDM 
        103.5680293076 	  | 		 5.0799003043e+00    	|     4.6204156509e-01  	|	1.6737476770	|	3.1600562489e-05 	|	0.0014785983    |     LCDM 
        103.5675935574 	  | 		 5.0798987077e+00    	|     4.6204216573e-01  	|	1.6737476770	|	3.1600562489e-05 	|	0.0014785982    |     LCDM 
        103.5675935574 	  | 		 5.0798987077e+00    	|     4.6204216573e-01  	|	1.6737476770	|	3.1600562489e-05 	|	0.0014785982    |     LCDM 
        103.5674630036 	  | 		 5.0798982293e+00    	|     4.6204234569e-01  	|	1.6737476770	|	3.1600562489e-05 	|	0.0014785982    |     LCDM 
        103.5674630036 	  | 		 5.0798982293e+00    	|     4.6204234569e-01  	|	1.6737476770	|	3.1600562489e-05 	|	0.0014785982    |     LCDM 
        103.5675723237 	  | 		 5.0798986299e+00    	|     4.6204219500e-01  	|	1.6737476770	|	3.1600562489e-05 	|	0.0014785981    |     LCDM 
        103.5675723237 	  | 		 5.0798986299e+00    	|     4.6204219500e-01  	|	1.6737476770	|	3.1600562489e-05 	|	0.0014785981    |     LCDM 
        103.5675396844 	  | 		 5.0798985103e+00    	|     4.6204223999e-01  	|	1.6737476770	|	3.1600562489e-05 	|	0.0014785981    |     LCDM 
        103.5675396844 	  | 		 5.0798985103e+00    	|     4.6204223999e-01  	|	1.6737476770	|	1.5800156423e-05 	|	0.0014785981    |     LCDM 
        146.8540738137 	  | 		 5.5517291017e+00    	|     4.9998686081e-01  	|	1.4897423674	|	3.1788285606e-01 	|	0.0014785981    |     EdS 
        146.8438733297 	  | 		 5.5516730403e+00    	|     4.9999675470e-01  	|	1.4897423674	|	8.4433509494e+00 	|	0.0100000000    |     EdS 
        146.8542774051 	  | 		 5.5517278390e+00    	|     4.9998659185e-01  	|	1.4897423674	|	1.2966351257e+00 	|	0.0025000000    |     EdS 
        146.8542774051 	  | 		 5.5517278390e+00    	|     4.9998659185e-01  	|	1.4897423674	|	1.2966351257e+00 	|	0.0025000000    |     EdS 
        146.8297052991 	  | 		 5.5516331008e+00    	|     5.0001163718e-01  	|	1.4897423674	|	9.8640370139e-02 	|	0.0012500000    |     EdS 
        146.8297052991 	  | 		 5.5516331008e+00    	|     5.0001163718e-01  	|	1.4897423674	|	9.8640370139e-02 	|	0.0012500000    |     EdS 
        146.8297052991 	  | 		 5.5516331008e+00    	|     5.0001163718e-01  	|	1.4897423674	|	9.8640370139e-02 	|	0.0012500000    |     EdS 
        146.8297052991 	  | 		 5.5516331008e+00    	|     5.0001163718e-01  	|	1.4897423674	|	9.8640370139e-02 	|	0.0012500000    |     EdS 
        146.8297052991 	  | 		 5.5516331008e+00    	|     5.0001163718e-01  	|	1.4897423674	|	9.8640370139e-02 	|	0.0012500000    |     EdS 
        146.8720423553 	  | 		 5.5515374668e+00    	|     4.9996861704e-01  	|	1.4897659055	|	2.3691945445e-02 	|	0.0011718750    |     EdS 
        146.8720423553 	  | 		 5.5515374668e+00    	|     4.9996861704e-01  	|	1.4897659055	|	2.3691945445e-02 	|	0.0011718750    |     EdS 
        146.8720423553 	  | 		 5.5515374668e+00    	|     4.9996861704e-01  	|	1.4897659055	|	2.3691945445e-02 	|	0.0011718750    |     EdS 
        146.8653987849 	  | 		 5.5517744029e+00    	|     4.9997536884e-01  	|	1.4897423674	|	4.9576586136e-03 	|	0.0011523438    |     EdS 
        146.8653987849 	  | 		 5.5517744029e+00    	|     4.9997536884e-01  	|	1.4897423674	|	4.9576586136e-03 	|	0.0011523438    |     EdS 
        146.8653987849 	  | 		 5.5517744029e+00    	|     4.9997536884e-01  	|	1.4897423674	|	4.9576586136e-03 	|	0.0011523438    |     EdS 
        146.8863333507 	  | 		 5.5515939133e+00    	|     4.9995409650e-01  	|	1.4897659055	|	2.8444101448e-04 	|	0.0011474609    |     EdS 
        146.8863333507 	  | 		 5.5515939133e+00    	|     4.9995409650e-01  	|	1.4897659055	|	2.8444101448e-04 	|	0.0011474609    |     EdS 
        146.8863333507 	  | 		 5.5515939133e+00    	|     4.9995409650e-01  	|	1.4897659055	|	2.8444101448e-04 	|	0.0011474609    |     EdS 
        146.8863333507 	  | 		 5.5515939133e+00    	|     4.9995409650e-01  	|	1.4897659055	|	2.8444101448e-04 	|	0.0011474609    |     EdS 
        146.8863333507 	  | 		 5.5515939133e+00    	|     4.9995409650e-01  	|	1.4897659055	|	2.8444101448e-04 	|	0.0011474609    |     EdS 
        146.8863333507 	  | 		 5.5515939133e+00    	|     4.9995409650e-01  	|	1.4897659055	|	2.8444101448e-04 	|	0.0011474609    |     EdS 
        146.8693843059 	  | 		 5.5515269736e+00    	|     4.9997131816e-01  	|	1.4897659055	|	1.2640824165e-04 	|	0.0011473083    |     EdS 
        146.8693843059 	  | 		 5.5515269736e+00    	|     4.9997131816e-01  	|	1.4897659055	|	1.2640824165e-04 	|	0.0011473083    |     EdS 
        146.8938879113 	  | 		 5.5516237472e+00    	|     4.9994642125e-01  	|	1.4897659055	|	6.3202123572e-05 	|	0.0011472321    |     EdS 
        146.8938879113 	  | 		 5.5516237472e+00    	|     4.9994642125e-01  	|	1.4897659055	|	6.3202123572e-05 	|	0.0011472321    |     EdS 
        146.8728162740 	  | 		 5.5515405293e+00    	|     4.9996783080e-01  	|	1.4897659055	|	1.5800156423e-05 	|	0.0011471939    |     EdS 
        146.8728162740 	  | 		 5.5515405293e+00    	|     4.9996783080e-01  	|	1.4897659055	|	1.5800156423e-05 	|	0.0011471939    |     EdS 
        146.8728162740 	  | 		 5.5515405293e+00    	|     4.9996783080e-01  	|	1.4897659055	|	1.5800156423e-05 	|	0.0011471939    |     EdS 
        146.8338419505 	  | 		 5.5516497017e+00    	|     5.0000744003e-01  	|	1.4897423674	|	1.5800156423e-05 	|	0.0011471844    |     EdS 
        146.8338419505 	  | 		 5.5516497017e+00    	|     5.0000744003e-01  	|	1.4897423674	|	1.5800156423e-05 	|	0.0011471844    |     EdS 
        146.8815699752 	  | 		 5.5515751022e+00    	|     4.9995893626e-01  	|	1.4897659055	|	1.5800156423e-05 	|	0.0011471796    |     EdS 
        146.8815699752 	  | 		 5.5515751022e+00    	|     4.9995893626e-01  	|	1.4897659055	|	1.5800156423e-05 	|	0.0011471796    |     EdS 
        146.8815699752 	  | 		 5.5515751022e+00    	|     4.9995893626e-01  	|	1.4897659055	|	1.5800156423e-05 	|	0.0011471796    |     EdS 
        146.8815699752 	  | 		 5.5515751022e+00    	|     4.9995893626e-01  	|	1.4897659055	|	1.5800156423e-05 	|	0.0011471796    |     EdS 
        146.8789570456 	  | 		 5.5515647827e+00    	|     4.9996159116e-01  	|	1.4897659055	|	1.5800156423e-05 	|	0.0011471790    |     EdS 
        146.8789570456 	  | 		 5.5515647827e+00    	|     4.9996159116e-01  	|	1.4897659055	|	1.5800156423e-05 	|	0.0011471790    |     EdS 
        146.8777513906 	  | 		 5.5515600210e+00    	|     4.9996281620e-01  	|	1.4897659055	|	1.5800156423e-05 	|	0.0011471787    |     EdS 
        146.8777513906 	  | 		 5.5515600210e+00    	|     4.9996281620e-01  	|	1.4897659055	|	1.5800156423e-05 	|	0.0011471787    |     EdS 
        146.8777513906 	  | 		 5.5515600210e+00    	|     4.9996281620e-01  	|	1.4897659055	|	1.5800156423e-05 	|	0.0011471787    |     EdS 
        146.8777513906 	  | 		 5.5515600210e+00    	|     4.9996281620e-01  	|	1.4897659055	|	1.5800156423e-05 	|	0.0011471787    |     EdS 
        146.8776006687 	  | 		 5.5515594257e+00    	|     4.9996296935e-01  	|	1.4897659055	|	1.5800156423e-05 	|	0.0011471787    |     EdS 
        146.8776006687 	  | 		 5.5515594257e+00    	|     4.9996296935e-01  	|	1.4897659055	|	1.5800156423e-05 	|	0.0011471787    |     EdS 
        146.8776006687 	  | 		 5.5515594257e+00    	|     4.9996296935e-01  	|	1.4897659055	|	1.5800156423e-05 	|	0.0011471787    |     EdS 
        146.8777644501 	  | 		 5.5515600726e+00    	|     4.9996280293e-01  	|	1.4897659055	|	1.5800156423e-05 	|	0.0011471787    |     EdS 
EdS fitted perturbation does not collapse or virialize today in LCDM 
        146.8777644501 	  | 		 5.5515600726e+00    	|     4.9996280293e-01  	|	1.4897659055	|	1.5800156423e-05 	|	0.0011471787    |     EdS 
