Overdensity at virialization     Overdensity at maximum radius		Radius ratio 		        Time ratio	           Z_coll			Initial Overdensity 
        107.2505572301 	  | 		 5.1577278292e+00    	|     4.7023650669e-01  	|	1.6373907286	|	1.0721050326e-01 	|	0.0020312500    |     LCDM 
        107.2505572301 	  | 		 5.1577278292e+00    	|     4.7023650669e-01  	|	1.6373907286	|	1.0721050326e-01 	|	0.0020312500    |     LCDM 
        104.2461159705 	  | 		 5.0986860971e+00    	|     4.6425717445e-01  	|	1.6646235998	|	2.4077735072e-02 	|	0.0019531250    |     LCDM 
        104.2461159705 	  | 		 5.0986860971e+00    	|     4.6425717445e-01  	|	1.6646235998	|	2.4077735072e-02 	|	0.0019531250    |     LCDM 
        104.2461159705 	  | 		 5.0986860971e+00    	|     4.6425717445e-01  	|	1.6646235998	|	2.4077735072e-02 	|	0.0019531250    |     LCDM 
        103.4998642695 	  | 		 5.0818155562e+00    	|     4.6248590530e-01  	|	1.6726652803	|	2.5878246153e-03 	|	0.0019335937    |     LCDM 
        103.4998642695 	  | 		 5.0818155562e+00    	|     4.6248590530e-01  	|	1.6726652803	|	2.5878246153e-03 	|	0.0019335937    |     LCDM 
        103.4998642695 	  | 		 5.0818155562e+00    	|     4.6248590530e-01  	|	1.6726652803	|	2.5878246153e-03 	|	0.0019335937    |     LCDM 
        103.4998642695 	  | 		 5.0818155562e+00    	|     4.6248590530e-01  	|	1.6726652803	|	2.5878246153e-03 	|	0.0019335937    |     LCDM 
        103.4998642695 	  | 		 5.0818155562e+00    	|     4.6248590530e-01  	|	1.6726652803	|	2.5878246153e-03 	|	0.0019335937    |     LCDM 
        103.4669879106 	  | 		 5.0808702302e+00    	|     4.6235146044e-01  	|	1.6731739427	|	1.2321881619e-03 	|	0.0019323730    |     LCDM 
        103.4669879106 	  | 		 5.0808702302e+00    	|     4.6235146044e-01  	|	1.6731739427	|	1.2321881619e-03 	|	0.0019323730    |     LCDM 
        103.4479240592 	  | 		 5.0802328073e+00    	|     4.6228783748e-01  	|	1.6734537730	|	5.6266313332e-04 	|	0.0019317627    |     LCDM 
        103.4479240592 	  | 		 5.0802328073e+00    	|     4.6228783748e-01  	|	1.6734537730	|	5.6266313332e-04 	|	0.0019317627    |     LCDM 
        103.4377145884 	  | 		 5.0799902996e+00    	|     4.6225695535e-01  	|	1.6735809840	|	2.1286234302e-04 	|	0.0019314575    |     LCDM 
        103.4377145884 	  | 		 5.0799902996e+00    	|     4.6225695535e-01  	|	1.6735809840	|	2.1286234302e-04 	|	0.0019314575    |     LCDM 
        103.4317220354 	  | 		 5.0797876326e+00    	|     4.6224273866e-01  	|	1.6736573153	|	4.5609545310e-05 	|	0.0019313049    |     LCDM 
        103.4317220354 	  | 		 5.0797876326e+00    	|     4.6224273866e-01  	|	1.6736573153	|	4.5609545310e-05 	|	0.0019313049    |     LCDM 
        103.4317220354 	  | 		 5.0797876326e+00    	|     4.6224273866e-01  	|	1.6736573153	|	4.5609545310e-05 	|	0.0019313049    |     LCDM 
        103.4317220354 	  | 		 5.0797876326e+00    	|     4.6224273866e-01  	|	1.6736573153	|	4.5609545310e-05 	|	0.0019313049    |     LCDM 
        103.4179059224 	  | 		 5.0799196428e+00    	|     4.6225977213e-01  	|	1.6736318711	|	3.0406132408e-05 	|	0.0019312859    |     LCDM 
        103.4179059224 	  | 		 5.0799196428e+00    	|     4.6225977213e-01  	|	1.6736318711	|	3.0406132408e-05 	|	0.0019312859    |     LCDM 
        103.4286485520 	  | 		 5.0798288633e+00    	|     4.6224289304e-01  	|	1.6736573153	|	1.5202950640e-05 	|	0.0019312763    |     LCDM 
        103.4286485520 	  | 		 5.0798288633e+00    	|     4.6224289304e-01  	|	1.6736573153	|	1.5202950640e-05 	|	0.0019312763    |     LCDM 
        103.4164484882 	  | 		 5.0797840608e+00    	|     4.6225974007e-01  	|	1.6736573153	|	1.5202950640e-05 	|	0.0019312716    |     LCDM 
        103.4164484882 	  | 		 5.0797840608e+00    	|     4.6225974007e-01  	|	1.6736573153	|	1.5202950640e-05 	|	0.0019312716    |     LCDM 
        103.4409379559 	  | 		 5.0799002446e+00    	|     4.6222388056e-01  	|	1.6736573153	|	1.5202950640e-05 	|	0.0019312674    |     LCDM 
        103.4409379559 	  | 		 5.0799002446e+00    	|     4.6222388056e-01  	|	1.6736573153	|	1.5202950640e-05 	|	0.0019312674    |     LCDM 
        103.4403249159 	  | 		 5.0798979939e+00    	|     4.6222472691e-01  	|	1.6736573153	|	1.5202950640e-05 	|	0.0019312671    |     LCDM 
        103.4403249159 	  | 		 5.0798979939e+00    	|     4.6222472691e-01  	|	1.6736573153	|	1.5202950640e-05 	|	0.0019312671    |     LCDM 
        103.4403249159 	  | 		 5.0798979939e+00    	|     4.6222472691e-01  	|	1.6736573153	|	1.5202950640e-05 	|	0.0019312671    |     LCDM 
        103.4403249159 	  | 		 5.0798979939e+00    	|     4.6222472691e-01  	|	1.6736573153	|	1.5202950640e-05 	|	0.0019312671    |     LCDM 
        103.4403249159 	  | 		 5.0798979939e+00    	|     4.6222472691e-01  	|	1.6736573153	|	1.5202950640e-05 	|	0.0019312671    |     LCDM 
        103.4403249159 	  | 		 5.0798979939e+00    	|     4.6222472691e-01  	|	1.6736573153	|	1.5202950640e-05 	|	0.0019312671    |     LCDM 
        104.9577812081 	  | 		 5.1135209446e+00    	|     4.6578539226e-01  	|	1.6576293131	|	4.3893062298e-02 	|	0.0019312671    |     LCDM 
        146.8391188196 	  | 		 5.5516576980e+00    	|     5.0000205973e-01  	|	1.4897434674	|	3.4640130270e-01 	|	0.0019312671    |     EdS 
--------------------------------------------------------------------------------------------------------------------------------------------------------------------------------------------------------------------------------------------------------------------------------------------------------------------------------------------------------------------------------------------------------------------------------------------------------------------------------------------------------------------
        146.8436308947 	  | 		 5.5516507760e+00    	|     4.9999749081e-01  	|	1.4897457323	|	2.8510369004e-02 	|	0.0014841182    |     EdS 
