0.00000000 
294.604927493473099 
7.089826786612534 
379.599497185808957 
0.481807161112263 
1.668814422701265 
0.916595229171737 
0.997407890895681 
0.00000000 
294.604951069835977 
7.089826808541011 
379.599527564036407 
0.481807148756464 
1.668814422701265 
0.916595229171737 
0.997407890895681 
0.00000000 
294.604999255572693 
7.089826853357849 
379.599589651529641 
0.481807123503472 
1.668814422701265 
0.916595229171737 
0.997407890895681 
0.00000000 
294.605097710104360 
7.089826944929414 
379.599716510543942 
0.481807071905837 
1.668814422701265 
0.916595229171737 
0.997407890895681 
0.00000000 
294.605298894353894 
7.089827132048081 
379.599975737165153 
0.481806966470100 
1.668814422701265 
0.916595229171737 
0.997407890895681 
0.00000000 
294.605709975739217 
7.089827514389095 
379.600505416992632 
0.481806751032718 
1.668814422701265 
0.916595229171737 
0.997407890895681 
0.00000000 
294.606549976644430 
7.089828295660253 
379.601587761147528 
0.481806310810667 
1.668814422701265 
0.916595229171737 
0.997407890895681 
0.00000000 
294.608266406883558 
7.089829892073719 
379.603799387617130 
0.481805411280469 
1.668814422701265 
0.916595229171737 
0.997407890895681 
0.00000000 
294.599369734869413 
7.089833154124004 
379.594433705061192 
0.481809447648576 
1.668811348633711 
0.916593540742145 
0.997407890895681 
0.00000000 
294.606536175341091 
7.089800639851376 
379.601569978119073 
0.481805691861193 
1.668814422701265 
0.916593540742145 
0.997406053603773 
0.00000000 
294.596371993305866 
7.089814259771349 
379.590571083045973 
0.481809766366494 
1.668808274571821 
0.916590163892293 
0.997404216315249 
0.00000000 
294.589081990739885 
7.089763730481341 
379.581177836895336 
0.481811708510324 
1.668805200515593 
0.916585098640840 
0.997398704469983 
0.00000001 
294.588200142918367 
7.089703057306906 
379.577943935108635 
0.481809039792531 
1.668799052420124 
0.916576656617291 
0.997387680870832 
0.00000001 
294.564271199797474 
7.089544993761178 
379.547111406765737 
0.481814067603703 
1.668783682280545 
0.916556396078005 
0.997365634038037 
0.00000002 
294.521789763539459 
7.089233890045535 
379.492373925011918 
0.481821308235748 
1.668752942426080 
0.916515876342974 
0.997321541834445 
0.00000005 
294.422927039612432 
7.088582738505290 
379.369181874327126 
0.481841837967114 
1.668688390574818 
0.916431465981618 
0.997233363274946 
0.00000009 
294.247107733448274 
7.087262038285111 
379.142635568956621 
0.481871462303376 
1.668562367966561 
0.916262668580565 
0.997049682982188 
0.00000019 
293.876760210215423 
7.084545041914874 
378.669621382550531 
0.481937608878227 
1.668304205029374 
0.915916731099670 
0.996676916030093 
0.00000039 
293.119169587705642 
7.079076876534984 
377.701790530450012 
0.482074670894456 
1.667772638151634 
0.915211760756500 
0.995917123684739 
0.00000079 
291.598599529705950 
7.067989238328447 
375.756979271324610 
0.482347826927161 
1.666697731726548 
0.913783248236011 
0.994375463695270 
0.00000161 
288.569095754470140 
7.045630619128445 
371.881899517528609 
0.482894132336207 
1.664543864394812 
0.910909417108173 
0.991273735153009 
0.00000329 
282.695044190785154 
7.001260823582058 
364.356244587783749 
0.483957693245254 
1.660305643244619 
0.905218854916191 
0.985121048987520 
0.00000672 
271.865615641275383 
6.915684382981567 
350.446966845222391 
0.485931744007614 
1.652272381989709 
0.894291679923300 
0.973274169962997 
0.00001374 
253.687753614688290 
6.759299119740917 
326.982360635071586 
0.489258482360111 
1.638089561578137 
0.874479410137474 
0.951680554826784 
0.00002807 
227.703941021810778 
6.499237883711211 
293.126693562760636 
0.493880186715863 
1.616060598196170 
0.841951713356058 
0.915901546593781 
0.00005736 
198.811950240512772 
6.126004337686870 
254.811665845590653 
0.498036277458165 
1.588605420960129 
0.796128516536237 
0.864786273124234 
0.00011721 
177.560053580862103 
5.689087247508807 
225.297559897250153 
0.497322774499473 
1.565810636720088 
0.743692795473723 
0.805126240255564 
0.00023950 
169.942803983121024 
5.296895229348928 
212.777253694344722 
0.490603948991317 
1.558923624532458 
0.695516069327769 
0.749631754376892 
0.00048939 
158.774242135939573 
5.039411933576671 
197.806276339474664 
0.491549103944583 
1.552507254491960 
0.650852178290615 
0.700329416997922 
0.00100000 
149.910532295391675 
4.868377257487233 
186.001379393439748 
0.492723788862556 
1.544375266719831 
0.608742406574692 
0.654126228115871 
