0.00000000 
294.604905940592971 
7.089826766567009 
379.599469414846283 
0.481807172407626 
1.668814422701265 
0.916595229171737 
0.997407890895681 
0.00000000 
294.604907035208441 
7.089826767585445 
379.599470825262188 
0.481807171833972 
1.668814422701265 
0.916595229171737 
0.997407890895681 
0.00000000 
294.604909271074064 
7.089826769664191 
379.599473706183005 
0.481807170662189 
1.668814422701265 
0.916595229171737 
0.997407890895681 
0.00000000 
294.604913841230143 
7.089826773915201 
379.599479594845320 
0.481807168267088 
1.668814422701265 
0.916595229171737 
0.997407890895681 
0.00000000 
294.604923178922832 
7.089826782599572 
379.599491626495592 
0.481807163373415 
1.668814422701265 
0.916595229171737 
0.997407890895681 
0.00000000 
294.604942259966037 
7.089826800347065 
379.599516212487629 
0.481807153373506 
1.668814422701265 
0.916595229171737 
0.997407890895681 
0.00000000 
294.604981249041032 
7.089826836610269 
379.599566450049508 
0.481807132940265 
1.668814422701265 
0.916595229171737 
0.997407890895681 
0.00000000 
294.605060918094750 
7.089826910709915 
379.599669103908639 
0.481807091187644 
1.668814422701265 
0.916595229171737 
0.997407890895681 
0.00000000 
294.605223708849962 
7.089827062118388 
379.599878860375895 
0.481807005872953 
1.668814422701265 
0.916595229171737 
0.997407890895681 
0.00000000 
294.605556350453924 
7.089827371502570 
379.600307470266046 
0.481806831543765 
1.668814422701265 
0.916595229171737 
0.997407890895681 
0.00000000 
294.606236063071094 
7.089828003695281 
379.601183282391446 
0.481806475324213 
1.668814422701265 
0.916595229171737 
0.997407890895681 
0.00000000 
294.607624962228556 
7.089829295481199 
379.602972883897053 
0.481805747441780 
1.668814422701265 
0.916595229171737 
0.997407890895681 
0.00000001 
294.598059102791808 
7.089831935073009 
379.592744941633953 
0.481810134537300 
1.668811348633711 
0.916593540742145 
0.997407890895681 
0.00000001 
294.603857996393913 
7.089837328707935 
379.598119135017612 
0.481807095427251 
1.668811348633711 
0.916593540742145 
0.997406053603773 
0.00000002 
294.603303419276585 
7.089809169908599 
379.597404560428913 
0.481806759885847 
1.668811348633712 
0.916591852315664 
0.997404216315249 
0.00000005 
294.590304101782294 
7.089792509880182 
379.582752540021602 
0.481811694178235 
1.668805200515596 
0.916586787054882 
0.997400541748353 
0.00000009 
294.590160683090630 
7.089720986031452 
379.580470098095532 
0.481809264616755 
1.668802126465027 
0.916580033417380 
0.997391355390345 
0.00000019 
294.567206286611736 
7.089579931774589 
379.552990758532246 
0.481815033864726 
1.668789830319388 
0.916563149541338 
0.997374820159142 
0.00000039 
294.538056447215524 
7.089341068875179 
379.513333604800152 
0.481818416342403 
1.668765238299918 
0.916531071033686 
0.997338076182359 
0.00000079 
294.463798785604070 
7.088793279199983 
379.419749089274205 
0.481832301861266 
1.668716055348166 
0.916463541003103 
0.997266429321088 
0.00000161 
294.320719142917085 
7.087753724332090 
379.235389441833775 
0.481856629807079 
1.668611546388606 
0.916326807930162 
0.997117640747051 
0.00000329 
294.020437673786034 
7.085552005932096 
378.852660774429467 
0.481910328682119 
1.668402548104750 
0.916046653274094 
0.996816457776789 
0.00000672 
293.401549329856834 
7.081138337080935 
378.061475404973066 
0.482023564309100 
1.667969267428130 
0.915474796249646 
0.996199684076803 
0.00001374 
292.162852666696665 
7.072130670332226 
376.479920681353008 
0.482246707377887 
1.667096901787435 
0.914315310482113 
0.994950786271111 
0.00002807 
289.695112155219590 
7.053931677376523 
373.322692760095151 
0.482689003229740 
1.665344335976736 
0.911977223447852 
0.992426607296367 
0.00005736 
284.840019350116904 
7.017651236676119 
367.106630542428945 
0.483569427152483 
1.661863097160009 
0.907317299615734 
0.987391987995696 
0.00011721 
275.741700196183274 
6.946896680278270 
355.431628284852025 
0.485223441732132 
1.655181576998711 
0.898270610412816 
0.977593708754989 
0.00023950 
259.942786755737302 
6.815094560500947 
335.074202489157187 
0.488114319338770 
1.643072939550175 
0.881524504061469 
0.959375881939618 
0.00048939 
236.058311691882892 
6.588534565422972 
304.059459162144719 
0.492431265522097 
1.623388413884583 
0.853062372493460 
0.928169286897688 
0.00100000 
207.116672551022845 
6.246824450855238 
265.931315545653320 
0.497069277102869 
1.596867347712877 
0.810854967758932 
0.881308561328428 
