0.00010000 
262.229749838356611 
6.806565092919589 
4.847374679734149e-01 
1.637160443462864 
9.213384437073960e-01 
0.25007500 
261.963147178090310 
6.802624590856447 
4.847734330660540e-01 
1.637042832985562 
9.209651422897430e-01 
0.50005000 
261.851388410693062 
6.800697758605150 
4.847832142211492e-01 
1.636997600436344 
9.207955098313985e-01 
0.75002500 
261.796373084848369 
6.799770298936186 
4.847888787095750e-01 
1.636976492341087 
9.207157933697682e-01 
1.00000000 
261.773414507423183 
6.799322601919112 
4.847897318348768e-01 
1.636967446097866 
9.206784816526401e-01 
