0.00000000 
294.580585500429663 
7.089827218500408 
379.572327607226441 
0.481818666452155 
1.668808274571821 
0.916591852315664 
0.997407890895681 
0.00000000 
294.581093364830110 
7.089827690922637 
379.572981999545789 
0.481818400265072 
1.668808274571821 
0.916591852315664 
0.997407890895681 
0.00000000 
294.569729278513307 
7.089828656479390 
379.560436695171006 
0.481823730464357 
1.668805200515593 
0.916590163892293 
0.997407890895681 
0.00000000 
294.571850014282973 
7.089830629323423 
379.563169316057781 
0.481822618874902 
1.668805200515593 
0.916590163892293 
0.997407890895681 
0.00000000 
294.576183655034640 
7.089834660693858 
379.566655751087296 
0.481820347417724 
1.668805200515593 
0.916590163892293 
0.997406053603773 
0.00000000 
294.572636549501567 
7.089803718140947 
379.564182786287120 
0.481821580412718 
1.668805200515593 
0.916588475472033 
0.997406053603773 
0.00000000 
294.565926429917226 
7.089781370176970 
379.555536629990058 
0.481823845154509 
1.668802126465027 
0.916585098640840 
0.997402379030108 
0.00000000 
294.565691460491678 
7.089737403659276 
379.553136371669893 
0.481822089723018 
1.668799052420124 
0.916580033417380 
0.997395029923395 
0.00000000 
294.554419232191663 
7.089650960473102 
379.538611904872766 
0.481823614949827 
1.668789830319391 
0.916568214671496 
0.997382169116945 
0.00000000 
294.522734850702818 
7.089441937375563 
379.499883203861202 
0.481830831505634 
1.668771386270811 
0.916542889300620 
0.997356448001537 
0.00000000 
294.465998498760655 
7.089069272342842 
379.426777000544405 
0.481841793053831 
1.668731424864872 
0.916492240658122 
0.997301333559248 
0.00000000 
294.365939219689210 
7.088258217841100 
379.297848126037024 
0.481856700216458 
1.668657652475675 
0.916390951769580 
0.997191113811458 
0.00000001 
294.130714315784246 
7.086661700989060 
378.998943804493877 
0.481901878209056 
1.668494750002874 
0.916179969204093 
0.996965201408700 
0.00000001 
293.675696769736192 
7.083324297642469 
378.416818272499086 
0.481982589224766 
1.668175138539953 
0.915753089133192 
0.996504351943740 
0.00000002 
292.752221163846457 
7.076555371807707 
377.235209263235049 
0.482146791690483 
1.667523812456364 
0.914884757944674 
0.995566786745272 
0.00000005 
290.881953039528753 
7.062898691941516 
374.843858349907691 
0.482483698024559 
1.666200438180345 
0.913125333942938 
0.993668675844183 
0.00000009 
287.175886007854444 
7.035447644965270 
370.102817839425256 
0.483154875302882 
1.663559903937852 
0.909598198979778 
0.989861422795315 
0.00000019 
280.092891437494757 
6.981330414144424 
361.022366695639334 
0.484438011302282 
1.658413574641627 
0.902666221484112 
0.982361194358535 
0.00000039 
267.310719717433415 
6.878296944105363 
344.586927153486101 
0.486773460575971 
1.648815431575602 
0.889533666914396 
0.968106636286717 
0.00000079 
246.688978868431093 
6.694269187714243 
317.908814329932000 
0.490539048296046 
1.632384425597383 
0.866294560657338 
0.942721029017847 
0.00000161 
219.020149028798699 
6.399601003918415 
281.712742794705434 
0.495328272147741 
1.608188089241789 
0.829615359101243 
0.902230680077706 
0.00000329 
191.150235630683142 
5.999141597856791 
244.431998752516932 
0.498602438434111 
1.580700678721522 
0.780770109100857 
0.847456832785001 
0.00000672 
174.294646216293245 
5.562531516406676 
220.241962107532885 
0.495498470108655 
1.562114410369251 
0.728663763397054 
0.787769530874731 
0.00001374 
166.447418801091374 
5.206377134218770 
208.039539630639950 
0.490707570511212 
1.557411002460249 
0.681959159370606 
0.734595008801235 
0.00002807 
155.905161918363092 
4.982679971647614 
193.992666947737689 
0.491935998949720 
1.550152546520257 
0.638148218231124 
0.686377703493002 
0.00005736 
147.590280441671780 
4.826794181379611 
182.919235078854967 
0.493087331999241 
1.541902233789718 
0.596627346099553 
0.640870618613778 
0.00011721 
140.758741658889249 
4.707074193640318 
173.818258366287040 
0.494143089830606 
1.533772112916733 
0.556774259688968 
0.597336640706790 
0.00023950 
135.073326051856185 
4.611064181506116 
166.240796916637379 
0.495090311645916 
1.526185196492271 
0.518318539166160 
0.555459947701383 
0.00048939 
130.328571570424430 
4.532565440230767 
159.916196965537210 
0.495927950225212 
1.519324133302766 
0.481151159214462 
0.515109005250382 
0.00100000 
126.380338889515002 
4.467917740648037 
154.653136795639057 
0.496658554655590 
1.513268653426938 
0.445252462175230 
0.476247529224307 
