0.00000000 
125.157480876495484 
4.775530587802090 
157.576421375128632 
0.515017408901793 
1.529796408258894 
0.577196849946863 
0.623259287599446 
0.00000000 
118.690969073390690 
4.666295616517859 
149.028350826005692 
0.517355925222500 
1.521497476725580 
0.538012970905508 
0.580421047643507 
0.00000000 
113.284896754981204 
4.577848098635479 
141.884852402090161 
0.519497773920291 
1.513865305528569 
0.500183705759952 
0.539159853138640 
0.00000000 
108.762110379340612 
4.505225565045449 
135.913452686679506 
0.521439196155665 
1.507037418504858 
0.463650927867048 
0.499404831575904 
0.00000000 
104.998853053542192 
4.445353921423456 
130.949961265751909 
0.523166384886191 
1.501064089444522 
0.428409533150112 
0.461139933673949 
0.00000000 
101.900938681043897 
4.396060454293496 
126.866746830217124 
0.524661816854288 
1.495951918229482 
0.394497194658165 
0.424391938352119 
0.00000000 
99.372556460526994 
4.355652820756851 
123.536496776316355 
0.525936726740122 
1.491664776908534 
0.361970111641397 
0.389208501519094 
0.00000000 
97.339961869041147 
4.322770085508945 
120.860612426332565 
0.526989331170535 
1.488143578031910 
0.330896294608745 
0.355650243357488 
0.00000000 
95.726233199034311 
4.296230379614837 
118.736157026278704 
0.527840081181503 
1.485309074434153 
0.301346599993966 
0.323780211224722 
0.00000000 
94.468435795345783 
4.274999979798026 
117.078929546724595 
0.528501671394378 
1.483075410178879 
0.273384247882940 
0.293655063348348 
0.00000000 
93.509052626171069 
4.258142929565190 
115.812457051135326 
0.528991743278554 
1.481358023592716 
0.247069922250533 
0.265330444606061 
0.00000000 
92.798360978554811 
4.244845333387230 
114.869392493278880 
0.529326644866027 
1.480073333670223 
0.222441937631671 
0.238838687335483 
0.00000001 
92.288220640344619 
4.234453230429304 
114.186166041487184 
0.529531406564482 
1.479135750406450 
0.199527269802842 
0.214202564563526 
0.00000001 
91.952644436030582 
4.226380881135426 
113.726334570260263 
0.529603488519875 
1.478481974303908 
0.178327470874599 
0.191418476958378 
0.00000002 
91.763437540172433 
4.220087178414448 
113.451565411751048 
0.529552817942330 
1.478059897489430 
0.158827990122523 
0.170467128796591 
0.00000005 
91.706098931497365 
4.215201800611047 
113.338702846318839 
0.529373850291097 
1.477823042657153 
0.140992441098780 
0.151305890524596 
0.00000009 
91.767216668902364 
4.211422517202820 
113.369747134467289 
0.529065918162095 
1.477733211098232 
0.124773000569918 
0.133882503687987 
0.00000019 
91.954448567690648 
4.208464764601619 
113.548960478367988 
0.528598367570964 
1.477776765111506 
0.110103369105773 
0.118123801319974 
0.00000039 
92.278690869906711 
4.206132377645803 
113.884506177150016 
0.527940287604863 
1.477942826563792 
0.096887153618665 
0.103925136438590 
0.00000079 
92.761207336633447 
4.204293303256886 
114.398415915924929 
0.527048407090582 
1.478228713753964 
0.085040417943737 
0.091196168427895 
0.00000161 
93.449822338826209 
4.202822380635498 
115.140708686112276 
0.525840403724088 
1.478653562554402 
0.074464653741553 
0.079830156456873 
0.00000329 
94.394413110849399 
4.201633170615775 
116.164521717553242 
0.524237698293482 
1.479236566605724 
0.065067086776790 
0.069727447712578 
0.00000672 
95.689604326581346 
4.200642628854788 
117.571152840196632 
0.522098557022191 
1.480024259348952 
0.056745960417835 
0.060778077242714 
0.00001374 
97.441132403869815 
4.199854057507486 
119.475357893380831 
0.519280315150193 
1.481055161878457 
0.049398997872419 
0.052872536372864 
0.00002807 
99.828353301722203 
4.199150613506078 
122.070725251234009 
0.515551611950865 
1.482414431324030 
0.042940957741474 
0.045918842537619 
0.00005736 
103.082511060060952 
4.198579148336134 
125.605601169116156 
0.510651665522989 
1.484176785276967 
0.037274559027445 
0.039812598118571 
0.00011721 
107.546721807414571 
4.198073768355257 
130.449132011721474 
0.504237952562024 
1.486453179976520 
0.032314073009666 
0.034461938849393 
0.00023950 
113.705609087408490 
4.197640317859807 
137.120094911259031 
0.495913821382369 
1.489355709367101 
0.027990824379800 
0.029793539085572 
0.00048939 
122.284713636979646 
4.197290427946969 
146.391609784734754 
0.485207216465349 
1.493006281100021 
0.024225797174275 
0.025723264421199 
0.00100000 
134.988884841048332 
4.196930795581894 
160.078580454286623 
0.470956325732132 
1.497738642880225 
0.020955463167629 
0.022180721516027 
