0.00000000 
295.572134001326106 
7.098062589461140 
380.938361270398445 
0.481723711377822 
1.669703065559503 
0.918775895248409 
0.999861854409768 
0.0005904 
0.00000000 
295.568017422251387 
7.098067849924687 
380.933055753719486 
0.481725179432718 
1.669699989855010 
0.918774202801885 
0.999860012597496 
0.0005904 
0.00000000 
295.560148930954938 
7.098039376066580 
380.922914709166434 
0.481727922743261 
1.669696914156180 
0.918770817918189 
0.999856328983128 
0.0005904 
0.00000000 
295.557580358965765 
7.097982893013129 
380.919604290177688 
0.481727153065615 
1.669693838463018 
0.918765740616029 
0.999850803587021 
0.0005904 
0.00000000 
295.541512928573070 
7.097910105046946 
380.898896314358808 
0.481730686543726 
1.669681535747031 
0.918753893686770 
0.999837911114854 
0.0005904 
0.00000000 
295.512433755855284 
7.097727244847278 
380.861418585141735 
0.481736138382428 
1.669660006212170 
0.918730200286526 
0.999812126669237 
0.0005904 
0.00000000 
295.448060245065676 
7.097365489896101 
380.780557182298764 
0.481749626946877 
1.669613872429418 
0.918681123044016 
0.999760559772821 
0.0005904 
0.00000000 
295.447550080507767 
7.097802423273490 
380.796734185365779 
0.481767776958491 
1.669641552546102 
0.918885910959985 
0.999998157933252 
0.0005903 
0.00000000 
295.191521892586820 
7.096270833599519 
380.473051982488812 
0.481818212286148 
1.669453951851385 
0.918682815319080 
0.999782659545606 
0.0005903 
0.00000000 
294.653213183390278 
7.093240571017840 
379.793916061735558 
0.481929169937329 
1.669060366453425 
0.918266609578506 
0.999342597749526 
0.0005903 
0.00000000 
294.099340775551013 
7.091586310060467 
379.157519246677225 
0.482107874543173 
1.668762164322966 
0.918638817180508 
0.999815810120756 
0.0005901 
0.00000000 
292.426047553381636 
7.083457501502013 
377.106550577227324 
0.482518301617914 
1.667646684702789 
0.918134681280950 
0.999361006493706 
0.0005898 
0.00000001 
289.634653565313045 
7.071346032386002 
373.760794511397876 
0.483279715276987 
1.665896609615590 
0.918305515131370 
0.999773451247577 
0.0005891 
0.00000001 
283.762922866254257 
7.042004852859496 
366.606761954331887 
0.484781012238021 
1.662003921342413 
0.917433073717124 
0.999208224189612 
0.0005879 
0.00000002 
273.672149875107436 
6.987548665685688 
354.344606162583204 
0.487430900532362 
1.655318785784215 
0.917166096597298 
0.999646385395366 
0.0005852 
0.00000005 
257.217481006957826 
6.875527922730019 
334.080943474492585 
0.491520194992256 
1.643890339062632 
0.915962286127800 
0.999373892816397 
0.0005803 
0.00000009 
236.887923704552975 
6.667264603824040 
308.490180301636485 
0.495615141157004 
1.629332207406540 
0.915061729494640 
0.999270806887257 
0.0005718 
0.00000019 
224.906903758436329 
6.341287585526348 
291.963397945907388 
0.493788755782313 
1.622369010219366 
0.916669523152942 
0.999972369355090 
0.0005593 
0.00000039 
233.113918975476025 
5.991937772111761 
299.367208193297529 
0.482990889742141 
1.636587549021379 
0.919881728800429 
0.999871063522023 
0.0005466 
0.00000079 
230.076966439266016 
5.791834613131560 
295.452428664788158 
0.482444596365880 
1.646138768925815 
0.919841062056877 
0.999810284948566 
0.0005345 
0.00000161 
228.073192188922860 
5.678941211107157 
293.041185705858936 
0.482280113173516 
1.651587714151971 
0.919630979187077 
0.999766084670219 
0.0005220 
0.00000329 
226.689063840694359 
5.604237220308558 
291.412509456521320 
0.482178258600607 
1.655181576998713 
0.919317638287611 
0.999596668371102 
0.0005090 
0.00000672 
225.787216259627399 
5.551632673683130 
290.384727291584227 
0.482091900662609 
1.657891267073567 
0.919339653349342 
0.999771609598149 
0.0004952 
0.00001374 
224.953327536174896 
5.511055769688300 
289.403409681562152 
0.482046690360324 
1.659746050985338 
0.918892681587885 
0.999390461189732 
0.0004807 
0.00002807 
224.562535180810585 
5.481708481685042 
288.996461001970147 
0.481979598114449 
1.661508028291073 
0.919297317160085 
0.999941055547120 
0.0004651 
0.00005736 
223.886107834208559 
5.455512372164764 
288.168939533700780 
0.481971668821449 
1.662463213539366 
0.918535599049628 
0.999162210000697 
0.0004487 
0.00011721 
223.616483249106466 
5.436719439258927 
287.883938190809772 
0.481934052521613 
1.663578290386669 
0.918750508877897 
0.999467783897287 
0.0004312 
0.00023950 
223.341186466473033 
5.420890808976491 
287.572425791644605 
0.481905915935930 
1.664415088819937 
0.918738662145040 
0.999504606336864 
0.0004126 
0.00048939 
223.087008285580794 
5.407637134140422 
287.278484707943903 
0.481886468877913 
1.665074402169936 
0.918648970410071 
0.999445691084694 
0.0003931 
0.00100000 
222.988233532529534 
5.397676411002638 
287.190962486220542 
0.481859409044638 
1.665758524038027 
0.918919764598370 
0.999786342888565 
0.0003726 
