0.00000000 
295.564529224252396 
7.098057780309105 
380.928560105190286 
0.481727734077617 
1.669703065559503 
0.918775895248409 
0.999861854409768 
0.0005904 
0.00000000 
295.564915325813672 
7.098058024478362 
380.929057719407297 
0.481727529838155 
1.669703065559503 
0.918775895248409 
0.999861854409768 
0.0005904 
0.00000000 
295.565704460911718 
7.098058523523055 
380.930074770057558 
0.481727112403665 
1.669703065559503 
0.918775895248409 
0.999861854409768 
0.0005904 
0.00000000 
295.567316846788458 
7.098059543181534 
380.932152840223750 
0.481726259492824 
1.669703065559503 
0.918775895248409 
0.999861854409768 
0.0005904 
0.00000000 
295.570611677501859 
7.098061626779200 
380.936399273727545 
0.481724516630748 
1.669703065559503 
0.918775895248409 
0.999861854409768 
0.0005904 
0.00000000 
295.564909051432380 
7.098065884198434 
380.929049632878559 
0.481726823678813 
1.669699989855010 
0.918774202801885 
0.999860012597496 
0.0005904 
0.00000000 
295.566230583995946 
7.098035358371813 
380.930752846379448 
0.481725415144999 
1.669699989855010 
0.918772510358479 
0.999858170788616 
0.0005904 
0.00000000 
295.557034638806215 
7.098013909014545 
380.918900956815719 
0.481728151220313 
1.669693838463018 
0.918767433046964 
0.999852645382332 
0.0005904 
0.00000000 
295.539859195073745 
7.097932555451165 
380.898869874225966 
0.481732980354899 
1.669684611417530 
0.918757278508113 
0.999843436439712 
0.0005904 
0.00000000 
295.520420628606701 
7.097810645567547 
380.873816982817516 
0.481735460074588 
1.669666157479516 
0.918738662145040 
0.999823177064506 
0.0005904 
0.00000000 
295.474148549728795 
7.097491586950600 
380.814180416031775 
0.481743625491598 
1.669632325789553 
0.918699738241177 
0.999780817879216 
0.0005904 
0.00000000 
295.366934914278318 
7.096899230572007 
380.678104606776117 
0.481766316169003 
1.669555438134509 
0.918618511058035 
0.999694263385459 
0.0005904 
0.00000001 
295.289328123011842 
7.096841324857616 
380.597011401576026 
0.481798332241080 
1.669524684063904 
0.918758970923461 
0.999863696225434 
0.0005903 
0.00000001 
294.843646482396650 
7.094369341007392 
380.035175159029166 
0.481892667527131 
1.669204875310142 
0.918420549885383 
0.999506447494453 
0.0005903 
0.00000002 
294.361619039666834 
7.092782441375967 
379.474681401354417 
0.482040575689596 
1.668931241464421 
0.918648970410071 
0.999808443231287 
0.0005901 
0.00000005 
293.119154310754539 
7.087065041986140 
377.966945595234165 
0.482357220887445 
1.668122900180629 
0.918472996981719 
0.999699787916489 
0.0005899 
0.00000009 
290.725039106153929 
7.076388531965019 
375.080822546091497 
0.482994058657495 
1.666602559133791 
0.918383331182275 
0.999780817879216 
0.0005894 
0.00000019 
285.832148204353018 
7.052304567443203 
369.116870861610892 
0.484239010045052 
1.663360730433938 
0.917578423037945 
0.999219267910268 
0.0005884 
0.00000039 
277.270340615570035 
7.008056422556512 
358.731768300216970 
0.486495882016569 
1.657732469321510 
0.917309713871986 
0.999550636294080 
0.0005862 
0.00000079 
262.824491982253164 
6.917636830339726 
341.037280309790390 
0.490179884230849 
1.647877194282644 
0.916618867512590 
0.999771609598149 
0.0005820 
0.00000161 
242.909568991185580 
6.742089673827120 
316.179891653920208 
0.494633898536645 
1.633680941615449 
0.915424206630531 
0.999506447494453 
0.0005747 
0.00000329 
226.412025844542853 
6.448540522091419 
294.522116985231492 
0.495509086565112 
1.622548331014201 
0.916026404450309 
0.999955791334602 
0.0005632 
0.00000672 
230.860992237220728 
6.083928759353122 
297.166178834210882 
0.485467353371752 
1.631356367830879 
0.919014561421300 
0.999705312478048 
0.0005503 
0.00001374 
230.901026937459022 
5.838113286792375 
296.474596162132627 
0.482510528711960 
1.643959988183946 
0.919947816093324 
0.999885798278057 
0.0005381 
0.00002807 
228.414586200678173 
5.705977817934792 
293.414961792717065 
0.482342124460913 
1.650009495468212 
0.919212650630308 
0.999237674382605 
0.0005259 
0.00005736 
227.077574581500187 
5.623837452210537 
291.871620037597950 
0.482200379647794 
1.654276284209784 
0.919480223479853 
0.999727411029588 
0.0005129 
0.00011721 
225.871294954469505 
5.564293591287761 
290.439889986955791 
0.482130836016238 
1.656972283163624 
0.918857136347962 
0.999186137114477 
0.0004995 
0.00023950 
225.187341829511780 
5.522036173711634 
289.678855732402951 
0.482056490808386 
1.659253888072468 
0.919034876298493 
0.999515653333274 
0.0004851 
0.00048939 
224.708568906537408 
5.490028746957977 
289.162023885649319 
0.481994525590821 
1.661079597926419 
0.919314251401830 
0.999933687734812 
0.0004698 
0.00100000 
224.188048706796138 
5.463640182844250 
288.555979925502129 
0.481959696211129 
1.662343785359418 
0.919090744526275 
0.999764243034361 
0.0004536 
