0.00000000 
293.996155260981482 
7.089836523301557 
378.917682976814888 
0.482095304177245 
1.668660726260109 
0.916510811502050 
0.997406053603773 
0.00000000 
293.994696837832350 
7.089807521399300 
378.915803284476851 
0.482095443994732 
1.668660726260109 
0.916509123227962 
0.997404216315249 
0.00000000 
293.992257905602344 
7.089789143589508 
378.912659860545602 
0.482095472521627 
1.668657652475678 
0.916505746689115 
0.997400541748353 
0.00000000 
293.988342109206883 
7.089714107041194 
378.907612976530118 
0.482095024086997 
1.668654578696903 
0.916498993648738 
0.997393192655178 
0.00000000 
293.970118293689382 
7.089605057207384 
378.884125166135789 
0.482098961821804 
1.668642283638435 
0.916483799489822 
0.997376657393516 
0.00000000 
293.937678411903960 
7.089351531843079 
378.842314943037024 
0.482104733032307 
1.668620767504102 
0.916453411927671 
0.997343587692578 
0.00000000 
293.868592319605227 
7.088891322332706 
378.755366233631662 
0.482117866895379 
1.668571588810290 
0.916390951769580 
0.997277451580110 
0.00000000 
293.734510887840429 
7.087908125627653 
378.582554088608276 
0.482141386777389 
1.668476309215628 
0.916264356400668 
0.997139682097938 
0.00000000 
293.449709740871640 
7.085894908812119 
378.219665602629050 
0.482194795638688 
1.668279620166292 
0.916004468729635 
0.996860527650300 
0.00000000 
292.894193927254378 
7.081814085880954 
377.507848129950673 
0.482292191568926 
1.667883239267293 
0.915478168990323 
0.996291441702373 
0.00000000 
291.750487283566088 
7.073462855825815 
376.046206664202089 
0.482498765816414 
1.667078476449695 
0.914406263500195 
0.995135913003890 
0.00000000 
289.456057307352580 
7.056639761954985 
373.113587067429535 
0.482914759802166 
1.665451708176641 
0.912241009730964 
0.992801442200943 
0.00000001 
284.952969671930532 
7.022978805477311 
367.347602235319982 
0.483732983517063 
1.662224365758965 
0.907920854215436 
0.988134355126611 
0.00000001 
276.449980138998512 
6.957183791614092 
356.439138355377963 
0.485285611592199 
1.655992798489302 
0.899500876353521 
0.979019175475506 
0.00000002 
261.511946089561206 
6.833817783085108 
337.201233540221608 
0.488035556049958 
1.644602110360962 
0.883807309931040 
0.961959519239046 
0.00000005 
238.503477945397634 
6.619321871924265 
307.355039595383971 
0.492237054462633 
1.625803455280902 
0.856816826159003 
0.932401994655211 
0.00000009 
209.781981682549628 
6.290174981653712 
269.594734333101258 
0.497009422021006 
1.599802756720852 
0.816068063686195 
0.887239339013145 
0.00000019 
183.972216312921660 
5.868742624760393 
234.666265219825732 
0.498996976148533 
1.573380050818868 
0.765008704531377 
0.829658150036402 
0.00000039 
171.837757498867063 
5.443268672507531 
216.283513711520527 
0.493583572254338 
1.559960632781465 
0.714250200175603 
0.771173286976272 
0.00000079 
162.356951368461495 
5.129248110694465 
202.737509479903764 
0.491657397697801 
1.555255115050435 
0.668571662520138 
0.719950058709868 
0.00000161 
152.568007130866647 
4.931507745105412 
189.708107833407809 
0.492939613188118 
1.547467860642146 
0.625536648985275 
0.672656844375312 
0.00000329 
144.722718881858810 
4.788319356290347 
179.266166535462276 
0.494122278959846 
1.539166624366553 
0.584553080296557 
0.627785325103260 
0.00000672 
138.249095072370523 
4.676509481070772 
170.644665160190442 
0.495191533745467 
1.531158102951027 
0.545134850394844 
0.584764168609840 
0.00001374 
132.863863563700647 
4.586168382639833 
163.466398824458594 
0.496135469080573 
1.523769360229906 
0.507072830268474 
0.543347342172903 
0.00002807 
128.385535198004817 
4.512093811625642 
157.493746280735479 
0.496951239048856 
1.517142715571669 
0.470288040244805 
0.503438402200504 
0.00005736 
124.698074910432169 
4.451029285222004 
152.569234219235909 
0.497620660651437 
1.511349253607843 
0.434779969412050 
0.465020323016522 
0.00011721 
121.686151636910481 
4.400711198178302 
148.540600038517596 
0.498156352535418 
1.506393508776833 
0.400580976165679 
0.428112911844271 
0.00023950 
119.256868414091315 
4.359449570937609 
145.285883287747311 
0.498566148732191 
1.502242468481986 
0.367751381696016 
0.392766391613763 
0.00048939 
117.322517232349256 
4.325854541392032 
142.687848477487705 
0.498865895704500 
1.498834341498816 
0.336359660423955 
0.359036921131903 
0.00100000 
115.812844797570364 
4.298717364493630 
140.653436188875958 
0.499061524612410 
1.496097974587568 
0.306479547158756 
0.326988668554606 
