10000000000.0 
232.350856851916916 
5.925331406014418 
298.299894722822330 
0.482647171460942 
1.639734910178027 
0.919803785787960 
0.999688738884959 
0.0005435 
18873918221.4 
230.327393509961666 
6.096239399698544 
296.607149324701197 
0.485939328592391 
1.630584247599005 
0.918742046910268 
0.999552477536459 
0.0005508 
35622478902.6 
224.910901864008395 
6.313676392573417 
291.766972943086273 
0.493162576077762 
1.622679845527230 
0.916846839940561 
0.999935529682800 
0.0005583 
67233575365.0 
228.792862488512640 
6.523156881251095 
297.859389359956026 
0.496067938871243 
1.623813105170805 
0.915304489002408 
0.999436485890247 
0.0005662 
126896100316.8 
239.237059187880277 
6.697938345044849 
311.526989449852522 
0.495279256733326 
1.631094947681707 
0.915655255327285 
0.999895007610844 
0.0005728 
239502661998.7 
251.443242052730938 
6.827241813314976 
326.922484343500400 
0.492876769007225 
1.639846672632163 
0.916073652402081 
0.999843436439712 
0.0005781 
452035365636.0 
262.824492103200669 
6.917636830440987 
341.037280466730067 
0.490179884158050 
1.647877194282644 
0.916618867512590 
0.999771609598149 
0.0005820 
853167852417.3 
272.196099991949438 
6.978870021309082 
352.546429681552524 
0.487816007640280 
1.654328088953279 
0.917155959756977 
0.999742143668665 
0.0005848 
1610262027560.9 
279.309924848975470 
7.019401907334896 
361.224825795836239 
0.485975032830905 
1.659113296904670 
0.917547999181710 
0.999675848502516 
0.0005867 
3039195382313.2 
284.572041997242650 
7.047105208082415 
367.637879515850614 
0.484618310443445 
1.662622464459565 
0.918116077533284 
0.999939213588954 
0.0005879 
5736152510448.7 
287.926042861125552 
7.062432436074332 
371.654478666396471 
0.483689763989914 
1.664724780245519 
0.917713652382320 
0.999217427281683 
0.0005889 
10826367338740.6 
290.552022963679462 
7.075321739798068 
374.859676177026074 
0.483026481286237 
1.666467484784663 
0.918237854359705 
0.999624288634863 
0.0005894 
20433597178569.4 
292.350499927982526 
7.084096914450406 
377.059131562552636 
0.482580603419945 
1.667668188276750 
0.918672661715454 
0.999990789700198 
0.0005897 
38566204211634.7 
293.457415280171347 
7.089060822251335 
378.396847991924744 
0.482290805611261 
1.668377961792441 
0.918745431687967 
0.999990789700198 
0.0005899 
72789538439831.6 
294.147632167644019 
7.091889795289456 
379.219777272753163 
0.482099911374715 
1.668802126465027 
0.918681123044016 
0.999861854409768 
0.0005901 
137382379588326.1 
294.330177178381689 
7.091403408171543 
379.385924248247477 
0.481997195287496 
1.668829793123975 
0.918019682332784 
0.999081230174734 
0.0005903 
259294379740466.7 
294.799548715546393 
7.094114751527455 
379.978335872344246 
0.481901164875873 
1.669171052966933 
0.918385022908785 
0.999467783897287 
0.0005903 
489390091847749.9 
295.110984538247919 
7.095860053729571 
380.373451216010437 
0.481836763926355 
1.669398598297131 
0.918625279715653 
0.999723727903742 
0.0005903 
923670857187384.6 
295.313909375652543 
7.097021228210369 
380.628694061260944 
0.481795247412302 
1.669546211853845 
0.918782665065680 
0.999889482000993 
0.0005903 
1743328822199987.2 
295.447549797568286 
7.097802423094397 
380.796733820690406 
0.481767777108230 
1.669641552546102 
0.918885910959985 
0.999998157933252 
0.0005903 
3290344562312671.0 
295.407803608282165 
7.097136478187237 
380.730777452418295 
0.481757453159935 
1.669583117282426 
0.918648970410071 
0.999727411029588 
0.0005904 
6210169418915604.0 
295.463201914929016 
7.097437677787169 
380.800072130143917 
0.481746580261353 
1.669626174646847 
0.918692969034931 
0.999773451247577 
0.0005904 
11721022975334842.0 
295.499131689979095 
7.097679706730336 
380.846379287321781 
0.481739629099879 
1.669650779353640 
0.918721738505946 
0.999804759806909 
0.0005904 
22122162910704504.0 
295.521008070601056 
7.097803152699353 
380.874574092171088 
0.481735858747084 
1.669669233121688 
0.918740354526095 
0.999825018808925 
0.0005904 
41753189365603920.0 
295.532805989367148 
7.097912462090171 
380.889779533281967 
0.481734583322812 
1.669678460082197 
0.918752201280774 
0.999837911114854 
0.0005904 
78804628156698720.0 
295.545706929754886 
7.097959750668039 
380.906406575155017 
0.481731305725885 
1.669687687093692 
0.918760663341927 
0.999847120006582 
0.0005904 
148735210729351168.0 
295.550747410896406 
7.097978571622358 
380.912902868332765 
0.481730767684562 
1.669693838463018 
0.918765740616029 
0.999852645382332 
0.0005904 
280721620394116992.0 
295.554490723098297 
7.098004436347512 
380.917727339018882 
0.481730206418335 
1.669696914156180 
0.918769125481018 
0.999856328983128 
0.0005904 
529831690628372352.0 
295.565526903530952 
7.098034913367554 
380.929845931104467 
0.481725787373824 
1.669699989855010 
0.918772510358479 
0.999858170788616 
0.0005904 
1000000000000000000.0 
295.568903990443914 
7.098068410583090 
380.934198377788391 
0.481724710465715 
1.669699989855010 
0.918774202801885 
0.999860012597496 
0.0005904 
