10000000000.0 
112.929434784324712 
4.257462491053113 
0.500198432847142 
1.491744463746722 
0.247661830640510 
18873918221.4 
113.632660248385605 
4.266871203096399 
0.499866027100759 
1.492742283346689 
0.263126072904846 
35622478902.6 
114.399864207423008 
4.277675824937817 
0.499549376970401 
1.493886610856661 
0.279176648441179 
67233575365.0 
115.246316182659044 
4.290070323958568 
0.499240820161067 
1.495194307536015 
0.295802809256515 
126896100316.8 
116.178118424650947 
4.304234315372288 
0.498945937300662 
1.496682342635074 
0.312991035631001 
239502661998.7 
117.209921296488943 
4.320384873108233 
0.498659911887469 
1.498367812650422 
0.330729933763567 
452035365636.0 
118.373063535748656 
4.338690468371279 
0.498357993572797 
1.500281780603623 
0.349003922892064 
853167852417.3 
119.668892295849787 
4.359449570938553 
0.498054763055314 
1.502427884564439 
0.367796771852360 
1610262027560.9 
121.128533062738740 
4.382880618925684 
0.497728409322378 
1.504832061184340 
0.387094247612301 
3039195382313.2 
122.768656242582594 
4.409294675029908 
0.497376936255575 
1.507503869776776 
0.406881479387653 
5736152510448.7 
124.602300489955098 
4.438962285013485 
0.497003942710524 
1.510455850956212 
0.427143228726158 
10826367338740.6 
126.651847856125514 
4.472273667068509 
0.496603660175557 
1.513692419503892 
0.447868306132161 
20433597178569.4 
128.943059687472896 
4.509629941061428 
0.496168300295189 
1.517218173827569 
0.469044809356164 
38566204211634.7 
131.497966720535231 
4.551477270163026 
0.495697828763171 
1.521035101086195 
0.490668229044622 
72789538439831.6 
134.339561477064535 
4.598429433963137 
0.495194451611948 
1.525131308938489 
0.512735682378367 
137382379588326.1 
137.507135462989083 
4.651282230463319 
0.494647239111164 
1.529489278217602 
0.535251071925880 
259294379740466.7 
141.023698564531344 
4.711025630441021 
0.494070767983806 
1.534080102975298 
0.558229456335840 
489390091847749.9 
144.942745761530176 
4.779107369054586 
0.493457027814450 
1.538860447794632 
0.581696904811895 
923670857187384.6 
149.326768465645671 
4.857688735895430 
0.492806669199759 
1.543758058733405 
0.605701091736971 
1743328822199987.2 
154.262425786579570 
4.950132108088517 
0.492124419685937 
1.548659845924175 
0.630317202413135 
3290344562312671.0 
159.895085780394027 
5.062378147721315 
0.491411362106705 
1.553359716181155 
0.655670377796806 
6210169418915604.0 
166.478729606813999 
5.206377134220459 
0.490680420448252 
1.557422477933169 
0.681964184250906 
11721022975334842.0 
171.947777235332723 
5.401074600255614 
0.492152741367852 
1.559811215116566 
0.709160879816735 
22122162910704504.0 
176.159502600876067 
5.640994824140341 
0.496721983225691 
1.564216414156584 
0.737984386562125 
41753189365603920.0 
186.083514299010602 
5.901518962956409 
0.498623881740097 
1.575267958774390 
0.769034064164744 
78804628156698720.0 
200.837050175175364 
6.156880328912183 
0.497828856123101 
1.590649305955182 
0.799879894413029 
148735210729351168.0 
217.959740842137023 
6.386426130168385 
0.495480968693495 
1.607187112212950 
0.827997038806458 
280721620394116992.0 
235.037016033721471 
6.577941368720029 
0.492611281022637 
1.622506487722667 
0.851741848830480 
529831690628372352.0 
250.291775080400782 
6.728001645406214 
0.489875229113635 
1.635330899208356 
0.870536906811499 
1000000000000000000.0 
262.798821356664860 
6.839791589927237 
0.487588808156568 
1.645308128290353 
0.884652663374890 
