10000000000.0 
290.164533677332258 
7.073038803358395 
374.370095648567144 
0.483107539385267 
1.666185091974785 
0.917931751679674 
0.999300258924783 
0.0005894 
18873918221.4 
292.089408667810687 
7.082613092255527 
376.728634630999693 
0.482635519441652 
1.667477737698026 
0.918469613207706 
0.999775292900398 
0.0005897 
35622478902.6 
293.297703294523899 
7.088088161550549 
378.192998326840382 
0.482320729006555 
1.668255035665500 
0.918613434597551 
0.999848961795105 
0.0005899 
67233575365.0 
294.033242408094054 
7.091248094365257 
379.076493872396554 
0.482123898975294 
1.668719129240183 
0.918593129036149 
0.999769767952113 
0.0005901 
126896100316.8 
294.255916169495208 
7.090997284996654 
379.292299280739599 
0.482012554183820 
1.668774460264751 
0.917962188260290 
0.999020499612409 
0.0005903 
239502661998.7 
294.754751826170377 
7.093828419422838 
379.922694985104897 
0.481909327976184 
1.669137231309048 
0.918347805645395 
0.999429121795733 
0.0005903 
452035365636.0 
295.086930629738617 
7.095680558247154 
380.340345889025514 
0.481839579751557 
1.669377072410581 
0.918601589632187 
0.999696104892410 
0.0005903 
853167852417.3 
295.300342479100266 
7.096926600876706 
380.611207752783059 
0.481796046734857 
1.669530834832704 
0.918767433046964 
0.999872905354652 
0.0005903 
1610262027560.9 
295.437384631872874 
7.097725533521465 
380.783632131750267 
0.481768900437478 
1.669632325789552 
0.918875755111673 
0.999987105604031 
0.0005903 
3039195382313.2 
295.387813716172616 
7.097084716674203 
380.707117716794698 
0.481764486734145 
1.669573890848798 
0.918640509377642 
0.999720044791466 
0.0005904 
5736152510448.7 
295.453524120437237 
7.097415928406730 
380.787599156126760 
0.481749573261729 
1.669620023526803 
0.918687892162979 
0.999767926309470 
0.0005904 
10826367338740.6 
295.492354709122878 
7.097651925844233 
380.837644951598008 
0.481741795966838 
1.669647703745462 
0.918718353815536 
0.999801076396098 
0.0005904 
20433597178569.4 
295.520420620317509 
7.097810645562252 
380.873816972134193 
0.481735460078972 
1.669666157479516 
0.918738662145040 
0.999823177064506 
0.0005904 
38566204211634.7 
295.540563209592278 
7.097878144096227 
380.897672300486761 
0.481730479498302 
1.669681535747031 
0.918752201280774 
0.999836069346686 
0.0005904 
72789538439831.6 
295.550786704540997 
7.097962963423777 
380.910848513546853 
0.481728618475229 
1.669687687093692 
0.918760663341927 
0.999845278221451 
0.0005904 
137382379588326.1 
295.554073690164159 
7.097980675293001 
380.915084836165818 
0.481729008074275 
1.669693838463018 
0.918765740616029 
0.999850803587021 
0.0005904 
259294379740466.7 
295.556668764662561 
7.098005813801047 
380.918429412036289 
0.481729054241348 
1.669696914156180 
0.918769125481018 
0.999854487181034 
0.0005904 
489390091847749.9 
295.566953131432001 
7.098035815305886 
380.931684077725606 
0.481725032937243 
1.669699989855010 
0.918772510358479 
0.999858170788616 
0.0005904 
923670857187384.6 
295.569837871569121 
7.098029775878577 
380.935401979564517 
0.481724216473588 
1.669703065559503 
0.918774202801885 
0.999860012597496 
0.0005904 
1743328822199987.2 
295.563584627856756 
7.098065046627653 
380.927342693392461 
0.481727524270822 
1.669699989855010 
0.918774202801885 
0.999860012597496 
0.0005904 
3290344562312671.0 
295.571925007989762 
7.098062457299166 
380.938091916254734 
0.481723821927237 
1.669703065559503 
0.918775895248409 
0.999861854409768 
0.0005904 
6210169418915604.0 
295.569243977877420 
7.098060761871904 
380.934636559338401 
0.481725240097840 
1.669703065559503 
0.918775895248409 
0.999861854409768 
0.0005904 
11721022975334842.0 
295.567488524839234 
7.098059651748515 
380.932374101796768 
0.481726168679886 
1.669703065559503 
0.918775895248409 
0.999861854409768 
0.0005904 
22122162910704504.0 
295.566339106373334 
7.098058924868077 
380.930892711853517 
0.481726776691737 
1.669703065559503 
0.918775895248409 
0.999861854409768 
0.0005904 
41753189365603920.0 
295.565586499556787 
7.098058448925305 
380.929922739469816 
0.481727174802447 
1.669703065559503 
0.918775895248409 
0.999861854409768 
0.0005904 
78804628156698720.0 
295.565093712590681 
7.098058137289096 
380.929287627300141 
0.481727435475480 
1.669703065559503 
0.918775895248409 
0.999861854409768 
0.0005904 
148735210729351168.0 
295.564771048992611 
7.098057933238146 
380.928871773002186 
0.481727606157462 
1.669703065559503 
0.918775895248409 
0.999861854409768 
0.0005904 
280721620394116992.0 
295.564559777401257 
7.098057799631018 
380.928599482604852 
0.481727717915647 
1.669703065559503 
0.918775895248409 
0.999861854409768 
0.0005904 
529831690628372352.0 
295.564421441930733 
7.098057712147882 
380.928421193512634 
0.481727791092221 
1.669703065559503 
0.918775895248409 
0.999861854409768 
0.0005904 
1000000000000000000.0 
295.564330863702935 
7.098057654866739 
380.928304454761985 
0.481727839006245 
1.669703065559503 
0.918775895248409 
0.999861854409768 
0.0005904 
