10000000000.0 
295.618134180992911 
7.098509211269670 
381.001858045049858 
0.481722136767463 
1.669749201806784 
0.918890988926233 
0.999990789700198 
0.0005904 
18873918221.4 
295.618134104361161 
7.098509211210564 
381.001857946284531 
0.481722136807751 
1.669749201806784 
0.918890988926233 
0.999990789700198 
0.0005904 
35622478902.6 
295.618134054178881 
7.098509211171851 
381.001857881608032 
0.481722136834133 
1.669749201806784 
0.918890988926233 
0.999990789700198 
0.0005904 
67233575365.0 
295.618134021330661 
7.098509211146521 
381.001857839272191 
0.481722136851403 
1.669749201806784 
0.918890988926233 
0.999990789700198 
0.0005904 
126896100316.8 
295.618133999819804 
7.098509211129923 
381.001857811548348 
0.481722136862711 
1.669749201806784 
0.918890988926233 
0.999990789700198 
0.0005904 
239502661998.7 
295.618133985733209 
7.098509211119056 
381.001857793393128 
0.481722136870117 
1.669749201806784 
0.918890988926233 
0.999990789700198 
0.0005904 
452035365636.0 
295.618133976507920 
7.098509211111940 
381.001857781503247 
0.481722136874967 
1.669749201806784 
0.918890988926233 
0.999990789700198 
0.0005904 
853167852417.3 
295.618133970472115 
7.098509211107285 
381.001857773724169 
0.481722136878140 
1.669749201806784 
0.918890988926233 
0.999990789700198 
0.0005904 
1610262027560.9 
295.618133966525477 
7.098509211104255 
381.001857768637592 
0.481722136880216 
1.669749201806784 
0.918890988926233 
0.999990789700198 
0.0005904 
3039195382313.2 
295.618133963931882 
7.098509211102244 
381.001857765294858 
0.481722136881579 
1.669749201806784 
0.918890988926233 
0.999990789700198 
0.0005904 
5736152510448.7 
295.618133962241188 
7.098509211100953 
381.001857763115879 
0.481722136882468 
1.669749201806784 
0.918890988926233 
0.999990789700198 
0.0005904 
10826367338740.6 
295.618133961128024 
7.098509211100090 
381.001857761681208 
0.481722136883053 
1.669749201806784 
0.918890988926233 
0.999990789700198 
0.0005904 
20433597178569.4 
295.618133960399803 
7.098509211099516 
381.001857760742666 
0.481722136883436 
1.669749201806784 
0.918890988926233 
0.999990789700198 
0.0005904 
38566204211634.7 
295.618133959921579 
7.098509211099152 
381.001857760126313 
0.481722136883687 
1.669749201806784 
0.918890988926233 
0.999990789700198 
0.0005904 
72789538439831.6 
295.618133959618149 
7.098509211098921 
381.001857759735231 
0.481722136883847 
1.669749201806784 
0.918890988926233 
0.999990789700198 
0.0005904 
137382379588326.1 
295.618133959401234 
7.098509211098748 
381.001857759455618 
0.481722136883961 
1.669749201806784 
0.918890988926233 
0.999990789700198 
0.0005904 
259294379740466.7 
295.618133959268619 
7.098509211098649 
381.001857759284690 
0.481722136884031 
1.669749201806784 
0.918890988926233 
0.999990789700198 
0.0005904 
489390091847749.9 
295.618133959190288 
7.098509211098592 
381.001857759183792 
0.481722136884072 
1.669749201806784 
0.918890988926233 
0.999990789700198 
0.0005904 
923670857187384.6 
295.618133959122702 
7.098509211098534 
381.001857759096652 
0.481722136884107 
1.669749201806784 
0.918890988926233 
0.999990789700198 
0.0005904 
1743328822199987.2 
295.618133959092688 
7.098509211098509 
381.001857759057998 
0.481722136884123 
1.669749201806784 
0.918890988926233 
0.999990789700198 
0.0005904 
3290344562312671.0 
295.618133959067507 
7.098509211098489 
381.001857759025540 
0.481722136884136 
1.669749201806784 
0.918890988926233 
0.999990789700198 
0.0005904 
6210169418915604.0 
295.618133959046872 
7.098509211098476 
381.001857758998938 
0.481722136884147 
1.669749201806784 
0.918890988926233 
0.999990789700198 
0.0005904 
11721022975334842.0 
295.618133959039142 
7.098509211098464 
381.001857758988990 
0.481722136884151 
1.669749201806784 
0.918890988926233 
0.999990789700198 
0.0005904 
22122162910704504.0 
295.618133959037209 
7.098509211098473 
381.001857758986489 
0.481722136884152 
1.669749201806784 
0.918890988926233 
0.999990789700198 
0.0005904 
41753189365603920.0 
295.618133959026181 
7.098509211098460 
381.001857758972278 
0.481722136884158 
1.669749201806784 