10000000000.0 
295.618133961354317 
7.098509211098464 
381.001857761972815 
0.481722136882893 
1.669749201806784 
0.918890988926233 
0.999990789700198 
0.0005904 
18873918221.4 
295.618133960549244 
7.098509211098464 
381.001857760935252 
0.481722136883331 
1.669749201806784 
0.918890988926233 
0.999990789700198 
0.0005904 
35622478902.6 
295.618133960021737 
7.098509211098464 
381.001857760255405 
0.481722136883617 
1.669749201806784 
0.918890988926233 
0.999990789700198 
0.0005904 
67233575365.0 
295.618133959676527 
7.098509211098464 
381.001857759810434 
0.481722136883805 
1.669749201806784 
0.918890988926233 
0.999990789700198 
0.0005904 
126896100316.8 
295.618133959450063 
7.098509211098464 
381.001857759518600 
0.481722136883928 
1.669749201806784 
0.918890988926233 
0.999990789700198 
0.0005904 
239502661998.7 
295.618133959302838 
7.098509211098464 
381.001857759328857 
0.481722136884008 
1.669749201806784 
0.918890988926233 
0.999990789700198 
0.0005904 
452035365636.0 
295.618133959205068 
7.098509211098464 
381.001857759202835 
0.481722136884061 
1.669749201806784 
0.918890988926233 
0.999990789700198 
0.0005904 
853167852417.3 
295.618133959142654 
7.098509211098464 
381.001857759122402 
0.481722136884095 
1.669749201806784 
0.918890988926233 
0.999990789700198 
0.0005904 
1610262027560.9 
295.618133959101272 
7.098509211098464 
381.001857759069026 
0.481722136884117 
1.669749201806784 
0.918890988926233 
0.999990789700198 
0.0005904 
3039195382313.2 
295.618133959072679 
7.098509211098464 
381.001857759032191 
0.481722136884133 
1.669749201806784 
0.918890988926233 
0.999990789700198 
0.0005904 
5736152510448.7 
295.618133959054717 
7.098509211098464 
381.001857759008999 
0.481722136884143 
1.669749201806784 
0.918890988926233 
0.999990789700198 
0.0005904 
10826367338740.6 
295.618133959044201 
7.098509211098464 
381.001857758995470 
0.481722136884148 
1.669749201806784 
0.918890988926233 
0.999990789700198 
0.0005904 
20433597178569.4 
295.618133959036015 
7.098509211098464 
381.001857758984897 
0.481722136884153 
1.669749201806784 
0.918890988926233 
0.999990789700198 
0.0005904 
38566204211634.7 
295.618133959032889 
7.098509211098464 
381.001857758980918 
0.481722136884154 
1.669749201806784 
0.918890988926233 
0.999990789700198 
0.0005904 
72789538439831.6 
295.618133959027773 
7.098509211098464 
381.001857758974268 
0.481722136884157 
1.669749201806784 
0.918890988926233 
0.999990789700198 
0.0005904 
137382379588326.1 
295.618133959026181 
7.098509211098464 
381.001857758972278 
0.481722136884158 
1.669749201806784 
0.918890988926233 
0.999990789700198 
0.0005904 
259294379740466.7 
295.618133959024419 
7.098509211098464 
381.001857758969948 
0.481722136884159 
1.669749201806784 
0.918890988926233 
0.999990789700198 
0.0005904 
489390091847749.9 
295.618133959022032 
7.098509211098464 
381.001857758966878 
0.481722136884160 
1.669749201806784 
0.918890988926233 
0.999990789700198 
0.0005904 
923670857187384.6 
295.618133959024021 
7.098509211098464 
381.001857758969493 
0.481722136884159 
1.669749201806784 
0.918890988926233 
0.999990789700198 
0.0005904 
1743328822199987.2 
295.618133959022771 
7.098509211098464 
381.001857758967844 
0.481722136884160 
1.669749201806784 
0.918890988926233 
0.999990789700198 
0.0005904 
3290344562312671.0 
295.618133959022941 
7.098509211098464 
381.001857758968072 
0.481722136884160 
1.669749201806784 
0.918890988926233 
0.999990789700198 
0.0005904 
6210169418915604.0 
295.618133959022600 
7.098509211098464 
381.001857758967617 
0.481722136884160 
1.669749201806784 
0.918890988926233 
0.999990789700198 
0.0005904 
11721022975334842.0 
295.618133959023510 
7.098509211098464 
381.001857758968811 
0.481722136884159 
1.669749201806784 
0.918890988926233 
0.999990789700198 
0.0005904 
22122162910704504.0 
295.618133959022430 
7.098509211098464 
381.001857758967390 
0.481722136884160 
1.669749201806784 
0.918890988926233 
0.999990789700198 
0.0005904 
41753189365603920.0 
295.618133959023510 
7.098509211098464 
381.001857758968811 
0.481722136884159 
1.669749201806784 
0.918890988926233 
0.999990789700198 
0.0005904 
78804628156698720.0 
295.618133959023112 
7.098509211098464 
381.001857758968299 
0.481722136884160 
1.669749201806784 
0.918890988926233 
0.999990789700198 
0.0005904 
148735210729351168.0 
295.618133959022941 
7.098509211098464 
381.001857758968072 
0.481722136884160 
1.669749201806784 
0.918890988926233 
0.999990789700198 
0.0005904 
280721620394116992.0 
295.618133959022941 
7.098509211098464 
381.001857758968072 
0.481722136884160 
1.669749201806784 
0.918890988926233 
0.999990789700198 
0.0005904 
529831690628372352.0 
295.618133959022941 
7.098509211098464 
381.001857758968072 
0.481722136884160 
1.669749201806784 
0.918890988926233 
0.999990789700198 
0.0005904 
1000000000000000000.0 
295.618133959022941 
7.098509211098464 
381.001857758968072 
0.481722136884160 
1.669749201806784 
0.918890988926233 
0.999990789700198 
0.0005904 
