232.388632301008187 
6.358042326530092 
293.924982060660852 
0.480029821802251 
1.593059660129652 
0.924636840630116 
0.999950265388849 
0.0005610 
214.493100510254862 
6.515086772262632 
276.243806024205128 
0.493289417736620 
1.581003530649173 
0.919043340963191 
0.999913426530885 
0.0005639 
281.751205682957561 
7.090012606562268 
364.015775644551468 
0.485163274463137 
1.655620685150597 
0.918149902809430 
0.999996315869899 
0.0005879 
295.618133959022941 
7.098509211098464 
381.001857758968072 
0.481722136884160 
1.669749201806784 
0.918890988926233 
0.999990789700198 
0.0005904 
