0.50000000 
302.400167556222186 
7.251330959082284 
376.704880233925792 
0.471349310313225 
1.634547864960495 
0.929301832694108 
0.999915268441550 
0.0005829 
0.58620690 
294.985831051784658 
7.279734717992913 
368.395889249806203 
0.472794963134150 
1.623932756573994 
0.928581428449737 
0.999979737452415 
0.0005816 
0.67241379 
289.977181062461625 
7.306982492895454 
362.773740620460842 
0.473244515219677 
1.614213003835292 
0.928037645379697 
0.999976053396966 
0.0005804 
0.75862069 
286.493261097139907 
7.273966347394428 
358.857172146636685 
0.473113564981483 
1.609705549692402 
0.927624036431771 
0.999941055547120 
0.0005793 
0.84482759 
284.003126928588415 
7.133757316050647 
356.060618070506678 
0.472927655789648 
1.614840532346212 
0.927369468071149 
0.999968685326784 
0.0005783 
0.93103448 
282.191692805671323 
7.032025084325710 
354.020364168518313 
0.472784580564510 
1.618643627587893 
0.927142294922188 
0.999941055547120 
0.0005773 
1.01724138 
280.848590036530311 
6.957106383810759 
352.512618565033733 
0.472684513868429 
1.621508546234561 
0.927010799061660 
0.999966843317722 
0.0005765 
1.10344828 
279.849711533717311 
6.901064032417011 
351.388936306092774 
0.472604558831675 
1.623681498809658 
0.926911762546616 
0.999983421521437 
0.0005757 
1.18965517 
279.088094969533415 
6.858560263108089 
350.531402930201239 
0.472542046796056 
1.625336327168394 
0.926814443866131 
0.999972369355090 
0.0005749 
1.27586207 
278.482152212809183 
6.825820957393521 
349.843803888869729 
0.472497176366596 
1.626597281946024 
0.926686408537750 
0.999904217028454 
0.0005743 
1.36206897 
278.045132088633011 
6.800696794122729 
349.356570670386418 
0.472457935399643 
1.627610347880931 
0.926674459476262 
0.999950265388849 
0.0005737 
1.44827586 
277.692582998974387 
6.780999787790143 
348.959880895481490 
0.472429845245722 
1.628399057536546 
0.926645440968390 
0.999963159309776 
0.0005731 
1.53448276 
277.391032343180257 
6.765341478720593 
348.617542171154128 
0.472412678107813 
1.629005094030252 
0.926573752079969 
0.999920794193902 
0.0005726 
1.62068966 
277.188689407349159 
6.753064005595785 
348.392121144616283 
0.472388622849079 
1.629512297845052 
0.926578872530924 
0.999953949349292 
0.0005722 
1.70689655 
277.005416216169522 
6.743176182985024 
348.186782337225168 
0.472377776727578 
1.629911569285905 
0.926565218057927 
0.999963159309776 
0.0005718 
1.79310345 
276.866711422569210 
6.735221128323011 
348.029744055166930 
0.472363880091071 
1.630232858675444 
0.926551563786148 
0.999965001312052 
0.0005714 
1.87931034 
276.748114661740999 
6.728795585435187 
347.897966946807173 
0.472357625194895 
1.630497144139767 
0.926553270559116 
0.999983421521437 
0.0005710 
1.96551724 
276.644001294298789 
6.723429891423865 
347.778618003243025 
0.472351302071355 
1.630704397936886 
0.926520842410336 
0.999959475315403 
0.0005707 
2.05172414 
276.584284121221174 
6.719209566907319 
347.715074584614683 
0.472340376669629 
1.630890648457238 
0.926546443486107 
0.999998157933252 
0.0005704 
2.13793103 
276.504482309655486 
6.715523998522337 
347.622433723461995 
0.472338579321212 
1.631025843609405 
0.926508895483722 
0.999965001312052 
0.0005702 
2.22413793 
276.457663360908214 
6.712582191703611 
347.569334942783030 
0.472331058223250 
1.631146026486488 
0.926505482104413 
0.999966843317722 
0.0005700 
2.31034483 
276.414885766793134 
6.710149179659696 
347.523235759492309 
0.472329667825428 
1.631254198647498 
0.926522549126713 
0.999992631753371 
0.0005697 
2.39655172 
276.375864837355550 
6.707969423695573 
347.476096827297908 
0.472322494083939 
1.631329322424309 
0.926485002092639 
0.999953949349292 
0.0005695 
2.48275862 
276.336307355589099 
6.706247189238410 
347.432122715687058 
0.472324613992277 
1.631398439354545 
0.926485002092639 
0.999959475315403 
0.0005694 
2.56896552 
276.319184426303195 
6.704767210952682 
347.412514266104722 
0.472317892146453 
1.631461548674419 
0.926485002092639 
0.999961317310893 
0.0005692 
2.65517241 
276.300645976191845 
6.703583625385306 
347.394965394046096 
0.472318061004208 
1.631521655058301 
0.926510602178092 
0.999994473809940 
0.0005690 
2.74137931 
276.267647949772936 
6.702373004919828 
347.353476717080298 
0.472315390117993 
1.631545698231895 
0.926452576333166 
0.999931845790218 
0.0005689 
2.82758621 
276.253587874785467 
6.701537040937037 
347.339637793818952 
0.472316815406734 
1.631590780137377 
0.926478175522650 
0.999963159309776 
0.0005688 
2.91379310 
276.242596308002476 
6.700738379960988 
347.327737257193576 
0.472314756160768 
1.631626846558648 
0.926481588801357 
0.999968685326784 
0.0005686 
3.00000000 
276.220678136598735 
6.700004936427852 
347.302098169213139 
0.472315234960836 
1.631644880068253 
0.926455989517563 
0.999942897508679 
0.0005685 
