10000000000.0 
276.624362006512968 
6.721671277245731 
347.759694110761018 
0.472345654076683 
1.630788508441097 
0.926544736725715 
0.999990789700198 
0.0005706 
18873918221.4 
276.624308943964309 
6.721671178362032 
347.759627402913793 
0.472345681962478 
1.630788508441097 
0.926544736725715 
0.999990789700198 
0.0005706 
35622478902.6 
276.622518502509251 
6.721667846462645 
347.757376540523296 
0.472346623000683 
1.630788508441097 
0.926544736725715 
0.999990789700198 
0.0005706 
67233575365.0 
276.624086972017267 
6.721670767562005 
347.759348349775280 
0.472345798681575 
1.630788508441097 
0.926544736725715 
0.999990789700198 
0.0005706 
126896100316.8 
276.622244455687394 
6.721667350418351 
347.757032021196665 
0.472346767364233 
1.630788508441097 
0.926544736725715 
0.999990789700198 
0.0005706 
239502661998.7 
276.622525973870893 
6.721667867781296 
347.757385933182775 
0.472346619247480 
1.630788508441097 
0.926544736725715 
0.999990789700198 
0.0005706 
452035365636.0 
276.621886242090227 
6.721703840071889 
347.756581691189297 
0.472346955893241 
1.630785504419816 
0.926544736725715 
0.999990789700198 
0.0005706 
853167852417.3 
276.623810196073464 
6.721670247073351 
347.759000399519380 
0.472345944024769 
1.630788508441097 
0.926544736725715 
0.999990789700198 
0.0005706 
1610262027560.9 
276.623685527174530 
6.721670030991415 
347.758843671392299 
0.472346009922281 
1.630788508441097 
0.926544736725715 
0.999990789700198 
0.0005706 
3039195382313.2 
276.622771777426010 
6.721668320377641 
347.757694946346078 
0.472346489941976 
1.630788508441097 
0.926544736725715 
0.999990789700198 
0.0005706 
5736152510448.7 
276.630586390573853 
6.721696276850322 
347.767519126176694 
0.472342696932304 
1.630788508441097 
0.926546443486107 
0.999992631753371 
0.0005706 
10826367338740.6 
276.623584145885900 
6.721683288806315 
347.762559812783650 
0.472346378177922 
1.630788508441097 
0.926546443486107 
0.999996315869899 
0.0005706 
20433597178569.4 
276.613017975106345 
6.721610035677791 
347.751198090973787 
0.472347196084524 
1.630776492389174 
0.926514015576266 
0.999963159309776 
0.0005706 
38566204211634.7 
276.612956156284383 
6.721650228509857 
347.756885653920165 
0.472348172759493 
1.630776492389174 
0.926519135697102 
0.999974211374331 
0.0005706 
72789538439831.6 
276.617415105934128 
6.721652014832954 
347.772100597963970 
0.472343936391798 
1.630770484396414 
0.926502068737680 
0.999965001312052 
0.0005706 
137382379588326.1 
276.600642385151787 
6.721667711142528 
347.772153227758110 
0.472348630707099 
1.630752460550935 
0.926466229146200 
0.999946581441979 
0.0005706 
259294379740466.7 
276.587164394516947 
6.721770911016674 
347.795566686692268 
0.472350019349106 
1.630722421251154 
0.926408206080284 
0.999922636118140 
0.0005707 
489390091847749.9 
276.580067879848627 
6.722171815651076 
347.863529261196959 
0.472347787813980 
1.630668351905951 
0.926321178294882 
0.999902375138147 
0.0005707 
923670857187384.6 
276.573458654106901 
6.723376595433679 
348.012882535420829 
0.472351053398699 
1.630569229429238 
0.926208566237822 
0.999931845790218 
0.0005709 
1743328822199987.2 
276.566065346296114 
6.726466150959317 
348.319117321455906 
0.472358859974752 
1.630331960704144 
0.925961209035994 
0.999966843317722 
0.0005711 
3290344562312671.0 
272.312743880066193 
6.734871523319987 
344.261127343650401 
0.474534390452241 
1.628723048995201 
0.924808884312753 
0.999981579485229 
0.0005718 
6210169418915604.0 
252.608767705356371 
6.764596630858622 
323.588025317999495 
0.485352871731943 
1.622282345606268 
0.920729361641805 
0.999953949349292 
0.0005734 
11721022975334842.0 
242.733559694167553 
6.888324609463851 
314.612698233669221 
0.493856493537200 
1.619096902198783 
0.917142444144158 
0.999966843317722 
0.0005776 
22122162910704504.0 
249.383809323494091 
7.055353556490435 
324.716440312182613 
0.495803914635985 
1.627145697920507 
0.915764897368390 
0.999990789700198 
0.0005833 
41753189365603920.0 
261.469313637998425 
7.142417620875520 
340.842349148994515 
0.494188021083885 
1.640907284615202 
0.915422520358042 
0.999998157933252 
0.0005878 
78804628156698720.0 
269.908818449021226 
7.165725288441850 
352.028558368262395 
0.492607557511969 
1.651277424867068 
0.915230305654118 
0.999963159309776 
0.0005901 
148735210729351168.0 
276.397559386154967 
7.161674619209943 
360.055481337623235 
0.490618783334143 
1.657998158740773 
0.915623208594739 
0.999988947650418 
0.0005910 
280721620394116992.0 
281.614259674890320 
7.148954029216198 
366.077523264699892 
0.488528155210468 
1.662239675484716 
0.916264356400668 
0.999985263561037 
0.0005912 
529831690628372352.0 
285.700192266047964 
7.135745335140726 
370.581176062234078 
0.486672246971556 
1.664921050181607 
0.916922843348979 
0.999977895422994 
0.0005911 
1000000000000000000.0 
288.727091336907961 
7.124611243358473 
373.820882305923362 
0.485205434412012 
1.666611769147181 
0.917439833640082 
0.999930003849016 
0.0005910 
