10000000000.0 
276.220678136598735 
6.700004936427852 
347.300178911810860 
0.472315234960836 
1.631644880068253 
0.926455989517563 
0.999941055547120 
0.0005685 
18873918221.4 
276.220678136598735 
6.700004936427852 
347.300178911810860 
0.472315234960836 
1.631644880068253 
0.926455989517563 
0.999941055547120 
0.0005685 
35622478902.6 
276.220678136598735 
6.700004936427852 
347.300178911810860 
0.472315234960836 
1.631644880068253 
0.926455989517563 
0.999941055547120 
0.0005685 
67233575365.0 
276.220678136598735 
6.700004936427852 
347.300178911810860 
0.472315234960836 
1.631644880068253 
0.926455989517563 
0.999941055547120 
0.0005685 
126896100316.8 
276.220678136598735 
6.700004936427852 
347.300178911810860 
0.472315234960836 
1.631644880068253 
0.926455989517563 
0.999941055547120 
0.0005685 
239502661998.7 
276.220678136598735 
6.700004936427852 
347.300178911810860 
0.472315234960836 
1.631644880068253 
0.926455989517563 
0.999941055547120 
0.0005685 
452035365636.0 
276.220678136598735 
6.700004936427852 
347.300178911810860 
0.472315234960836 
1.631644880068253 
0.926455989517563 
0.999941055547120 
0.0005685 
853167852417.3 
276.220678136598735 
6.700004936427852 
347.302098169213139 
0.472315234960836 
1.631644880068253 
0.926455989517563 
0.999942897508679 
0.0005685 
1610262027560.9 
276.220678136598735 
6.700004936427852 
347.302098169213139 
0.472315234960836 
1.631644880068253 
0.926455989517563 
0.999942897508679 
0.0005685 
3039195382313.2 
276.220678136598735 
6.700004936427852 
347.302098169213139 
0.472315234960836 
1.631644880068253 
0.926455989517563 
0.999942897508679 
0.0005685 
5736152510448.7 
276.220678136598735 
6.700004936427852 
347.302098169213139 
0.472315234960836 
1.631644880068253 
0.926455989517563 
0.999942897508679 
0.0005685 
10826367338740.6 
276.220678136598735 
6.700004936427852 
347.302098169213139 
0.472315234960836 
1.631644880068253 
0.926455989517563 
0.999942897508679 
0.0005685 
20433597178569.4 
276.216782049755466 
6.699997117778928 
347.299118721375748 
0.472317271921669 
1.631644880068253 
0.926455989517563 
0.999944739473632 
0.0005685 
38566204211634.7 
276.222460026772353 
6.700020222943872 
347.306257883594469 
0.472314578540756 
1.631644880068253 
0.926457696114476 
0.999946581441979 
0.0005685 
72789538439831.6 
276.219528085735305 
6.700026160184319 
347.306409981168656 
0.472316389182308 
1.631644880068253 
0.926459402714534 
0.999952107367374 
0.0005685 
137382379588326.1 
276.221941766783289 
6.700029194475404 
347.315202796286883 
0.472315954785262 
1.631647885672562 
0.926464522533568 
0.999963159309776 
0.0005685 
259294379740466.7 
276.223060000115197 
6.700053202962713 
347.328125085796444 
0.472315011543298 
1.631644880068253 
0.926459402714534 
0.999968685326784 
0.0005686 
489390091847749.9 
276.208089663159399 
6.699967181256389 
347.328494655043357 
0.472315432776139 
1.631623840993095 
0.926404793071928 
0.999928161911208 
0.0005686 
923670857187384.6 
276.203996846552911 
6.700071609002980 
347.361737709434578 
0.472315869375694 
1.631608813248358 
0.926382608824102 
0.999941055547120 
0.0005686 
1743328822199987.2 
276.202987833100281 
6.700279113598750 
347.437260644360208 
0.472314360098158 
1.631584769144674 
0.926343361071621 
0.999972369355090 
0.0005687 
3290344562312671.0 
276.165673287038487 
6.700655714354990 
347.540095267815104 
0.472318378941267 
1.631494606911523 
0.926177856234670 
0.999937371634180 
0.0005688 
6210169418915604.0 
276.622030426884180 
6.719023619214237 
348.353023878035060 
0.472338895974238 
1.630974768568111 
0.925995323342849 
0.999968685326784 
0.0005695 
11721022975334842.0 
278.905696676553134 
6.869808436985303 
351.640593991009212 
0.473907872377190 
1.628789055157934 
0.925574099726032 
0.999904217028454 
0.0005735 
22122162910704504.0 
270.666556856057753 
7.137899851543618 
344.064780463175396 
0.483453148334028 
1.624210980166311 
0.923120494635393 
0.999985263561037 
0.0005814 
41753189365603920.0 
268.811596489851468 
7.430457893564355 
344.408309995649347 
0.491017496732830 
1.623956687912601 
0.920698833310899 
0.999983421521437 
0.0005904 
78804628156698720.0 
276.122443884081349 
7.633270882574109 
355.336753766234949 
0.493273249998277 
1.631365383066043 
0.919292236948390 
0.999922636118140 
0.0005970 
148735210729351168.0 
285.770518447612460 
7.663057279398815 
368.680565403284675 
0.492106905756780 
1.644111409497824 
0.918537291056627 
0.999941055547120 
0.0006001 
280721620394116992.0 
290.410697176465078 
7.590579662570300 
375.562508980279347 
0.490834658664992 
1.653919789681130 
0.917847210917359 
0.999985263561037 
0.0006003 
529831690628372352.0 
292.618074618573530 
7.487525926476559 
378.689070360116830 
0.489185723822792 
1.660076279341573 
0.917629131706772 
0.999987105604031 
0.0005989 
1000000000000000000.0 
293.826430045746747 
7.387777873920600 
380.103685790866848 
0.487424888596011 
1.663795878795240 
0.917725485898123 
0.999961317310893 
0.0005971 
