0.50000000 
296.789074224733668 
7.104456866647492 
381.852053962251148 
0.480853485843539 
1.668470162331838 
0.919404008091106 
0.999974211374331 
0.0005901 
0.58620690 
294.829381025627356 
7.107929355167711 
379.523596245412023 
0.481537106059111 
1.666885022697948 
0.919243129682692 
0.999968685326784 
0.0005899 
0.67241379 
292.595161581536843 
7.112608840404441 
376.870342408612714 
0.482259330903105 
1.664792245426178 
0.919041648024014 
0.999946581441979 
0.0005896 
0.75862069 
290.094759684335202 
7.118965172382236 
373.910021955488332 
0.483010278106708 
1.662126386853167 
0.918853751158729 
0.999974211374331 
0.0005893 
0.84482759 
287.322832780907788 
7.122092040731800 
370.619752501981168 
0.483762564731626 
1.659153027983600 
0.918588052715932 
0.999939213588954 
0.0005889 
0.93103448 
284.328294761723953 
7.108279443531795 
367.073389960328768 
0.484529155166411 
1.657060800962161 
0.918371489183953 
0.999990789700198 
0.0005884 
1.01724138 
281.062693230926698 
7.084482665600945 
363.192461602752928 
0.485326445373497 
1.655257802697612 
0.918034901954723 
0.999931845790218 
0.0005878 
1.10344828 
277.619929580046403 
7.053607689483806 
359.108646521005312 
0.486151314297000 
1.653679123150193 
0.917779583913559 
0.999992631753371 
0.0005870 
1.18965517 
273.942204791515394 
7.016183258608061 
354.735432024280442 
0.487014063692580 
1.652193250315523 
0.917436453672377 
0.999979737452415 
0.0005861 
1.27586207 
270.062397838897766 
6.973066406935036 
350.115503248579842 
0.487915338100842 
1.650787773147818 
0.917059665361535 
0.999953949349292 
0.0005851 
1.36206897 
266.045005708725512 
6.924938724344124 
345.328747340137625 
0.488838179688660 
1.649471603977006 
0.916708361039695 
0.999977895422994 
0.0005839 
1.44827586 
261.835360078964868 
6.871835435123688 
340.300603358475428 
0.489800091004665 
1.648177736441105 
0.916255917331250 
0.999911584623613 
0.0005826 
1.53448276 
257.554224930431701 
6.814735025636394 
335.186332300236131 
0.490776631190053 
1.646988032001130 
0.915909982399308 
0.999981579485229 
0.0005810 
1.62068966 
253.138978916810572 
6.753415022000720 
329.893870978761129 
0.491775152570433 
1.645805249686386 
0.915449501090628 
0.999937371634180 
0.0005793 
1.70689655 
248.659907845610405 
6.688657258831406 
324.517253312462856 
0.492787142405827 
1.644680878458062 
0.915012848216552 
0.999933687734812 
0.0005774 
1.79310345 
244.144177792876434 
6.620773730557926 
319.087355855399721 
0.493805323758151 
1.643620855045377 
0.914601674652115 
0.999968685326784 
0.0005753 
1.87931034 
239.598205401673567 
6.550087971759306 
313.604859864769935 
0.494825000510733 
1.642594797990171 
0.914157006438292 
0.999970527339241 
0.0005729 
1.96551724 
235.068902045838655 
6.477067405995677 
308.130864453245977 
0.495834021401582 
1.641629860244913 
0.913727702631878 
0.999992631753371 
0.0005704 
2.05172414 
230.555062944763705 
6.402052982629291 
302.660320282453995 
0.496833849041641 
1.640701756367964 
0.913264953883073 
0.999977895422994 
0.0005676 
2.13793103 
226.098438764272487 
6.325521737477430 
297.239955260005331 
0.497811248843252 
1.639828548473480 
0.912799076606054 
0.999950265388849 
0.0005646 
2.22413793 
221.742976470052952 
6.248052225648517 
291.931592702693138 
0.498755734793243 
1.639040341419882 
0.912397301282912 
0.999987105604031 
0.0005613 
2.31034483 
218.075534597171071 
6.185222106351786 
287.406489302232728 
0.499675314047545 
1.638469807313139 
0.912072984169542 
0.999983421521437 
0.0005582 
2.39655172 
218.088200682951680 
6.202083035389804 
287.134246105185468 
0.500244564675708 
1.638880330332985 
0.912341839925521 
0.999942897508679 
0.0005565 
2.48275862 
218.574092899714174 
6.215535738558789 
287.406845812957840 
0.500400656370764 
1.639423827785207 
0.912725096315742 
0.999937371634180 
0.0005550 
2.56896552 
219.476231741975170 
6.226944030445637 
288.158024874495993 
0.500226926357463 
1.640103453068010 
0.913216168586148 
0.999972369355090 
0.0005534 
2.65517241 
220.717986334408494 
6.236465200964689 
289.290750932152832 
0.499775200843191 
1.640871013053772 
0.913709188180825 
0.999939213588954 
0.0005518 
2.74137931 
222.343250635240537 
6.245128455889808 
290.869091231725122 
0.499060025850093 
1.641775018401105 
0.914340574301847 
0.999998157933252 
0.0005502 
2.82758621 
224.257687457300591 
6.252310435002586 
292.766218054907654 
0.498117317949899 
1.642733989401209 
0.914918464172389 
0.999939213588954 
0.0005487 
2.91379310 
226.530680025199786 
6.259112807530503 
295.080595793856844 
0.496955109143803 
1.643823720925133 
0.915645135185310 
0.999996315869899 
0.0005471 
3.00000000 
229.082415884158905 
6.264903214274930 
297.704484860056198 
0.495597888134202 
1.644959626633674 
0.916335247652510 
0.999966843317722 
0.0005455 
