10000000000.0 
311.260441437202928 
6.914874281316369 
418.957100109425483 
0.483180316083492 
1.718788530801299 
0.905552411373097 
0.999836069346686 
0.0006011 
18873918221.4 
311.260441437202928 
6.914874281316369 
418.957100109425483 
0.483180316083492 
1.718788530801299 
0.905552411373097 
0.999836069346686 
0.0006011 
35622478902.6 
311.260441437202928 
6.914874281316369 
418.957100109425483 
0.483180316083492 
1.718788530801299 
0.905552411373097 
0.999836069346686 
0.0006011 
67233575365.0 
311.260441437202928 
6.914874281316369 
418.957100109425483 
0.483180316083492 
1.718788530801299 
0.905552411373097 
0.999836069346686 
0.0006011 
126896100316.8 
311.260441437202928 
6.914874281316369 
418.957100109425483 
0.483180316083492 
1.718788530801299 
0.905552411373097 
0.999836069346686 
0.0006011 
239502661998.7 
311.260441437202928 
6.914874281316369 
418.957100109425483 
0.483180316083492 
1.718788530801299 
0.905552411373097 
0.999836069346686 
0.0006011 
452035365636.0 
311.260441437202928 
6.914874281316369 
418.957100109425483 
0.483180316083492 
1.718788530801299 
0.905552411373097 
0.999836069346686 
0.0006011 
853167852417.3 
311.260441437202928 
6.914874281316369 
418.957100109425483 
0.483180316083492 
1.718788530801299 
0.905552411373097 
0.999836069346686 
0.0006011 
1610262027560.9 
311.260441437202928 
6.914874281316369 
418.957100109425483 
0.483180316083492 
1.718788530801299 
0.905552411373097 
0.999836069346686 
0.0006011 
3039195382313.2 
311.260441437202928 
6.914874281316369 
418.957100109425483 
0.483180316083492 
1.718788530801299 
0.905552411373097 
0.999836069346686 
0.0006011 
5736152510448.7 
311.260441437202928 
6.914874281316369 
418.957100109425483 
0.483180316083492 
1.718788530801299 
0.905552411373097 
0.999836069346686 
0.0006011 
10826367338740.6 
311.260441437202928 
6.914874281316369 
418.957100109425483 
0.483180316083492 
1.718788530801299 
0.905552411373097 
0.999836069346686 
0.0006011 
20433597178569.4 
311.260441437202928 
6.914874281316369 
418.957100109425483 
0.483180316083492 
1.718788530801299 
0.905552411373097 
0.999836069346686 
0.0006011 
38566204211634.7 
311.260441437202928 
6.914874281316369 
418.957100109425483 
0.483180316083492 
1.718788530801299 
0.905552411373097 
0.999836069346686 
0.0006011 
72789538439831.6 
311.260441437202928 
6.914874281316369 
418.957100109425483 
0.483180316083492 
1.718788530801299 
0.905552411373097 
0.999836069346686 
0.0006011 
137382379588326.1 
311.260441437202928 
6.914874281316369 
418.957100109425483 
0.483180316083492 
1.718788530801299 
0.905552411373097 
0.999836069346686 
0.0006011 
259294379740466.7 
311.260441437202928 
6.914874281316369 
418.957100109425483 
0.483180316083492 
1.718788530801299 
0.905552411373097 
0.999836069346686 
0.0006011 
489390091847749.9 
311.260441437202928 
6.914874281316369 
418.957100109425483 
0.483180316083492 
1.718788530801299 
0.905552411373097 
0.999836069346686 
0.0006011 
923670857187384.6 
311.260441437202928 
6.914874281316369 
418.957100109425483 
0.483180316083492 
1.718788530801299 
0.905552411373097 
0.999836069346686 
0.0006011 
1743328822199987.2 
311.260441437202928 
6.914874281316369 
418.957100109425483 
0.483180316083492 
1.718788530801299 
0.905552411373097 
0.999836069346686 
0.0006011 
3290344562312671.0 
311.260441437202928 
6.914874281316369 
418.957100109425483 
0.483180316083492 
1.718788530801299 
0.905552411373097 
0.999836069346686 
0.0006011 
6210169418915604.0 
311.260441437202928 
6.914874281316369 
418.957100109425483 
0.483180316083492 
1.718788530801299 
0.905552411373097 
0.999836069346686 
0.0006011 
11721022975334842.0 
311.260441437202928 
6.914874281316369 
418.957100109425483 
0.483180316083492 
1.718788530801299 
0.905552411373097 
0.999836069346686 
0.0006011 
22122162910704504.0 
311.260441437202928 
6.914874281316369 
418.957100109425483 
0.483180316083492 
1.718788530801299 
0.905552411373097 
0.999836069346686 
0.0006011 
41753189365603920.0 
311.260441437202928 
6.914874281316369 
418.957100109425483 
0.483180316083492 
1.718788530801299 
0.905552411373097 
0.999836069346686 
0.0006011 
78804628156698720.0 
311.260441437202928 
6.914874281316369 
418.957100109425483 
0.483180316083492 
1.718788530801299 
0.905552411373097 
0.999836069346686 
0.0006011 
148735210729351168.0 
311.260441437202928 
6.914874281316369 
418.957100109425483 
0.483180316083492 
1.718788530801299 
0.905552411373097 
0.999836069346686 
0.0006011 
280721620394116992.0 
311.260441437202928 
6.914874281316369 
418.957100109425483 
0.483180316083492 
1.718788530801299 
0.905552411373097 
0.999836069346686 
0.0006011 
529831690628372352.0 
311.260441437202928 
6.914874281316369 
418.957100109425483 
0.483180316083492 
1.718788530801299 
0.905552411373097 
0.999836069346686 
0.0006011 
1000000000000000000.0 
311.260441437202928 
6.914874281316369 
418.957100109425483 
0.483180316083492 
1.718788530801299 
0.905552411373097 
0.999836069346686 
0.0006011 
