0.50000000 
273.857415345335255 
7.365820461160537 
340.613709390746010 
0.479081700123648 
1.598983715416183 
0.929846356513903 
0.999977895422994 
0.0005779 
0.58620690 
261.224011070092672 
7.433400092306668 
326.432291027902522 
0.481249669794901 
1.576324550472072 
0.928377900002931 
0.999965001312052 
0.0005753 
0.67241379 
252.035974748374286 
7.508377577157399 
316.101498451771988 
0.481501925257278 
1.553233819907038 
0.927272101335067 
0.999988947650418 
0.0005725 
0.75862069 
245.057773488449328 
7.104777717348766 
308.239082481005710 
0.481010521539425 
1.565767372362391 
0.926341654685320 
0.999948423413718 
0.0005696 
0.84482759 
239.630503388544184 
6.781969266456581 
302.117943764415713 
0.480598869994912 
1.577047737043010 
0.925633775629156 
0.999963159309776 
0.0005666 
0.93103448 
235.283929337497739 
6.526614843613615 
297.212235809525339 
0.480260365135900 
1.586517401962294 
0.925042301657324 
0.999968685326784 
0.0005635 
1.01724138 
231.745191812636364 
6.320313750523874 
293.214844025322805 
0.479976538177623 
1.594571657543590 
0.924572119610217 
0.999998157933252 
0.0005604 
1.10344828 
228.801209750599440 
6.150779861080283 
289.882192189455793 
0.479733739536592 
1.601436198227228 
0.924102176548025 
0.999941055547120 
0.0005572 
1.18965517 
226.354315975158329 
6.009398686542117 
287.116664731032415 
0.479520509687336 
1.607409168701301 
0.923775400522226 
0.999976053396966 
0.0005540 
1.27586207 
224.262507528788120 
5.890007797725591 
284.749581542009594 
0.479341878481167 
1.612596235026778 
0.923470854039155 
0.999981579485229 
0.0005507 
1.36206897 
222.474633625038962 
5.788111996779103 
282.724679914010039 
0.479181655519919 
1.617141572169130 
0.923203820501361 
0.999981579485229 
0.0005473 
1.44827586 
220.918689878909419 
5.700258358538494 
280.961543399205652 
0.479044291152577 
1.621144181752159 
0.922953865465075 
0.999965001312052 
0.0005439 
1.53448276 
219.562283059812728 
5.623934381101100 
279.423262417947626 
0.478921805477349 
1.624689755964431 
0.922729473713903 
0.999944739473632 
0.0005405 
1.62068966 
218.388936702068349 
5.557163196623507 
278.094407202467835 
0.478808312321677 
1.627874208196493 
0.922576510617806 
0.999976053396966 
0.0005370 
1.70689655 
217.322652163785420 
5.498205924535035 
276.881932512216792 
0.478715376598803 
1.630692382504707 
0.922370900194708 
0.999928161911208 
0.0005335 
1.79310345 
216.413493538433499 
5.446107651516510 
275.856204798849717 
0.478622603201294 
1.633274729591187 
0.922289348424402 
0.999999999999999 
0.0005300 
1.87931034 
215.569694924397453 
5.399492677069260 
274.894549065134754 
0.478542733342565 
1.635556844173947 
0.922109280473929 
0.999942897508679 
0.0005265 
1.96551724 
214.812321967286550 
5.357729365574914 
274.034732363017270 
0.478473809404492 
1.637637003141104 
0.921968308413203 
0.999918952273058 
0.0005229 
2.05172414 
214.141089928933326 
5.320211170504984 
273.273569749307285 
0.478408327032599 
1.639541609320913 
0.921871508757778 
0.999930003849016 
0.0005193 
2.13793103 
213.541489027508192 
5.286379781883739 
272.597261079048735 
0.478351060247672 
1.641300277926614 
0.921830754048711 
0.999994473809940 
0.0005157 
2.22413793 
212.983284241253472 
5.255541240174485 
271.961320295212033 
0.478295490249780 
1.642879245188026 
0.921720385759078 
0.999968685326784 
0.0005120 
2.31034483 
212.478273741368355 
5.227514916862827 
271.388443728178515 
0.478245281310582 
1.644335538638391 
0.921640589227731 
0.999970527339241 
0.0005084 
2.39655172 
212.018313993242259 
5.201883664234891 
270.866812989908965 
0.478197457649975 
1.645677923803487 
0.921565892352919 
0.999970527339241 
0.0005047 
2.48275862 
211.587402338990671 
5.178388396836405 
270.377549779397327 
0.478159565345408 
1.646915220858312 
0.921497991356584 
0.999972369355090 
0.0005010 
2.56896552 
211.200456383720137 
5.156801371018483 
269.938278344329603 
0.478119320733793 
1.648065406189903 
0.921443674161657 
0.999981579485229 
0.0004973 
2.65517241 
210.836071726526626 
5.136858942076106 
269.523189400437047 
0.478083495938173 
1.649122220431911 
0.921372387702109 
0.999966843317722 
0.0004936 
2.74137931 
210.505989773036561 
5.118473957316744 
269.148819415025741 
0.478048019764758 
1.650109799720764 
0.921321472178987 
0.999970527339241 
0.0004899 
2.82758621 
210.205657212643246 
5.101453282901472 
268.809381289785847 
0.478014218523259 
1.651040184160304 
0.921292621298162 
0.999994473809940 
0.0004861 
2.91379310 
209.908760402944978 
5.085581943780473 
268.471250277311242 
0.477987722006607 
1.651885890150591 
0.921223043478985 
0.999970527339241 
0.0004824 
3.00000000 
209.643495136130156 
5.070875821881067 
268.169024965316453 
0.477959360745259 
1.652686363281787 
0.921182317437701 
0.999972369355090 
0.0004787 
