10000000000.0 
225.627166522861160 
8.199864466182902 
317.836243547899187 
0.521003771999839 
1.572904805714685 
0.891679516129020 
0.999569048870507 
0.0006797 
18873918221.4 
225.627166522861160 
8.199864466182902 
317.836243547899187 
0.521003771999839 
1.572904805714685 
0.891679516129020 
0.999569048870507 
0.0006797 
35622478902.6 
225.627166522861160 
8.199864466182902 
317.836243547899187 
0.521003771999839 
1.572904805714685 
0.891679516129020 
0.999569048870507 
0.0006797 
67233575365.0 
225.627166522861160 
8.199864466182902 
317.836243547899187 
0.521003771999839 
1.572904805714685 
0.891679516129020 
0.999569048870507 
0.0006797 
126896100316.8 
225.627166522861160 
8.199864466182902 
317.836243547899187 
0.521003771999839 
1.572904805714685 
0.891679516129020 
0.999569048870507 
0.0006797 
239502661998.7 
225.627166522861160 
8.199864466182902 
317.836243547899187 
0.521003771999839 
1.572904805714685 
0.891679516129020 
0.999569048870507 
0.0006797 
452035365636.0 
225.627166522861160 
8.199864466182902 
317.836243547899187 
0.521003771999839 
1.572904805714685 
0.891679516129020 
0.999569048870507 
0.0006797 
853167852417.3 
225.627166522861160 
8.199864466182902 
317.836243547899187 
0.521003771999839 
1.572904805714685 
0.891679516129020 
0.999569048870507 
0.0006797 
1610262027560.9 
225.627166522861160 
8.199864466182902 
317.836243547899187 
0.521003771999839 
1.572904805714685 
0.891679516129020 
0.999569048870507 
0.0006797 
3039195382313.2 
225.627166522861160 
8.199864466182902 
317.836243547899187 
0.521003771999839 
1.572904805714685 
0.891679516129020 
0.999569048870507 
0.0006797 
5736152510448.7 
225.627166522861160 
8.199864466182902 
317.836243547899187 
0.521003771999839 
1.572904805714685 
0.891679516129020 
0.999569048870507 
0.0006797 
10826367338740.6 
225.627166522861160 
8.199864466182902 
317.836243547899187 
0.521003771999839 
1.572904805714685 
0.891679516129020 
0.999569048870507 
0.0006797 
20433597178569.4 
225.627166522861160 
8.199864466182902 
317.836243547899187 
0.521003771999839 
1.572904805714685 
0.891679516129020 
0.999569048870507 
0.0006797 
38566204211634.7 
225.627166522861160 
8.199864466182902 
317.836243547899187 
0.521003771999839 
1.572904805714685 
0.891679516129020 
0.999569048870507 
0.0006797 
72789538439831.6 
225.627166522861160 
8.199864466182902 
317.836243547899187 
0.521003771999839 
1.572904805714685 
0.891679516129020 
0.999569048870507 
0.0006797 
137382379588326.1 
225.627166522861160 
8.199864466182902 
317.836243547899187 
0.521003771999839 
1.572904805714685 
0.891679516129020 
0.999569048870507 
0.0006797 
259294379740466.7 
225.627166522861160 
8.199864466182902 
317.836243547899187 
0.521003771999839 
1.572904805714685 
0.891679516129020 
0.999569048870507 
0.0006797 
489390091847749.9 
225.627166522861160 
8.199864466182902 
317.836243547899187 
0.521003771999839 
1.572904805714685 
0.891679516129020 
0.999569048870507 
0.0006797 
923670857187384.6 
225.627166522861160 
8.199864466182902 
317.836243547899187 
0.521003771999839 
1.572904805714685 
0.891679516129020 
0.999569048870507 
0.0006797 
1743328822199987.2 
225.627166522861160 
8.199864466182902 
317.836243547899187 
0.521003771999839 
1.572904805714685 
0.891679516129020 
0.999569048870507 
0.0006797 
3290344562312671.0 
225.627166522861160 
8.199864466182902 
317.836243547899187 
0.521003771999839 
1.572904805714685 
0.891679516129020 
0.999569048870507 
0.0006797 
6210169418915604.0 
225.627166522861160 
8.199864466182902 
317.836243547899187 
0.521003771999839 
1.572904805714685 
0.891679516129020 
0.999569048870507 
0.0006797 
11721022975334842.0 
225.627166522861160 
8.199864466182902 
317.836243547899187 
0.521003771999839 
1.572904805714685 
0.891679516129020 
0.999569048870507 
0.0006797 
22122162910704504.0 
225.627166522861160 
8.199864466182902 
317.836243547899187 
0.521003771999839 
1.572904805714685 
0.891679516129020 
0.999569048870507 
0.0006797 
41753189365603920.0 
225.627166522861160 
8.199864466182902 
317.836243547899187 
0.521003771999839 
1.572904805714685 
0.891679516129020 
0.999569048870507 
0.0006797 
78804628156698720.0 
225.627166522861160 
8.199864466182902 
317.836243547899187 
0.521003771999839 
1.572904805714685 
0.891679516129020 
0.999569048870507 
0.0006797 
148735210729351168.0 
225.627166522861160 
8.199864466182902 
317.836243547899187 
0.521003771999839 
1.572904805714685 
0.891679516129020 
0.999569048870507 
0.0006797 
280721620394116992.0 
225.627166522861160 
8.199864466182902 
317.836243547899187 
0.521003771999839 
1.572904805714685 
0.891679516129020 
0.999569048870507 
0.0006797 
529831690628372352.0 
225.627166522861160 
8.199864466182902 
317.836243547899187 
0.521003771999839 
1.572904805714685 
0.891679516129020 
0.999569048870507 
0.0006797 
1000000000000000000.0 
225.627166522861160 
8.199864466182902 
317.836243547899187 
0.521003771999839 
1.572904805714685 
0.891679516129020 
0.999569048870507 
0.0006797 
