0.50000000 
267.898260503775930 
7.211611236284002 
342.521876817783436 
0.489667312254355 
1.633855493362107 
0.921340140877431 
0.999983421521437 
0.0005847 
0.58620690 
250.481241769275670 
7.271674452219209 
321.565634160498519 
0.495337697922081 
1.611690483136454 
0.920088479213968 
0.999987105604031 
0.0005820 
0.67241379 
236.208202957098905 
7.348042097122893 
304.220585295968306 
0.498776970948776 
1.585918407970450 
0.919107674962776 
0.999994473809940 
0.0005787 
0.75862069 
225.484666928926657 
7.302021854939603 
290.992527767781041 
0.499641009170890 
1.567530641615959 
0.918491607961630 
0.999992631753371 
0.0005750 
0.84482759 
218.439988512344485 
7.021816697907690 
282.058613815602428 
0.498578201655290 
1.568053366022813 
0.918275067167174 
0.999942897508679 
0.0005710 
0.93103448 
214.970234608848415 
6.728662004557161 
277.325339006582283 
0.496078532594613 
1.574104786117601 
0.918576208077850 
0.999966843317722 
0.0005670 
1.01724138 
214.660015356183891 
6.465815216667750 
276.318255280518542 
0.492516310566157 
1.582935576184214 
0.919276996481748 
0.999998157933252 
0.0005631 
1.10344828 
216.570079428939579 
6.247140353253249 
277.947823428627999 
0.488455168729028 
1.592687019053895 
0.920171531393768 
0.999977895422994 
0.0005594 
1.18965517 
219.162775867603330 
6.072852018514211 
280.454242384351630 
0.484652595525886 
1.601604354494883 
0.921058453461920 
0.999966843317722 
0.0005558 
1.27586207 
221.139004647731610 
5.933490015667572 
282.352067204259583 
0.481686635015189 
1.608976278741379 
0.921706802882876 
0.999926319976792 
0.0005522 
1.36206897 
221.825451073073623 
5.818882415237589 
282.881270860630138 
0.479850528680055 
1.614965472344220 
0.922141554218427 
0.999988947650418 
0.0005486 
1.44827586 
221.064238424542083 
5.722506990863193 
281.838885956862498 
0.479123480621766 
1.619663673964858 
0.922151746161890 
0.999915268441550 
0.0005450 
1.53448276 
219.707654075151936 
5.640460828382982 
280.182114194129895 
0.478959923329364 
1.623588782550968 
0.922148348834887 
0.999998157933252 
0.0005415 
1.62068966 
218.465954742138848 
5.569491325818305 
278.675627824600951 
0.478842875972193 
1.626980854015317 
0.922029450274619 
0.999961317310893 
0.0005379 
1.70689655 
217.394180534179128 
5.507715285762625 
277.383571289447161 
0.478735792248562 
1.630001644034726 
0.921959816808676 
0.999976053396966 
0.0005343 
1.79310345 
216.423674860426104 
5.453276314103160 
276.216989934705055 
0.478647749674447 
1.632670112158235 
0.921835848288811 
0.999928161911208 
0.0005307 
1.87931034 
215.583841406217232 
5.405188270817118 
275.216601318765981 
0.478564687083501 
1.635092937599274 
0.921788303142646 
0.999963159309776 
0.0005270 
1.96551724 
214.818742243424310 
5.362209865085969 
274.303526305275000 
0.478490429226659 
1.637253934741456 
0.921686428943876 
0.999930003849016 
0.0005234 
2.05172414 
214.155548731516035 
5.323833067971706 
273.520166792859470 
0.478417960823725 
1.639239622349882 
0.921659264392431 
0.999977895422994 
0.0005197 
2.13793103 
213.530852608442245 
5.289171632550179 
272.781086855374042 
0.478361242189505 
1.641019126977036 
0.921581170766601 
0.999965001312052 
0.0005161 
2.22413793 
212.988279615826940 
5.257895399597458 
272.142096974872061 
0.478300595862941 
1.642664392221389 
0.921552311753399 
0.999999999999999 
0.0005124 
2.31034483 
212.455398809731037 
5.229237793085623 
271.510727203598776 
0.478252427481041 
1.644120495220160 
0.921409727540700 
0.999906058922154 
0.0005087 
2.39655172 
212.004038997233437 
5.203399302782689 
270.984815633442281 
0.478207059507953 
1.645514233570887 
0.921414819454115 
0.999974211374331 
0.0005050 
2.48275862 
211.584713314015261 
5.179667900119886 
270.495166264543684 
0.478162212853565 
1.646781742123202 
0.921377479409177 
0.999990789700198 
0.0005013 
2.56896552 
211.196605879904411 
5.157867295354621 
270.040781246296945 
0.478120817397444 
1.647947012320921 
0.921331655058518 
0.999992631753371 
0.0004976 
2.65517241 
210.829464030148785 
5.137748767179234 
269.611570410452430 
0.478087031337350 
1.649021976210760 
0.921277347668191 
0.999983421521437 
0.0004938 
2.74137931 
210.486819565164637 
5.119100382052761 
269.209094579754321 
0.478051211831196 
1.650003416618563 
0.921187408094398 
0.999930003849016 
0.0004901 
2.82758621 
210.183185886177228 
5.101962197832703 
268.856407994514257 
0.478018089880962 
1.650939823353021 
0.921160258250425 
0.999944739473632 
0.0004864 
2.91379310 
209.885747881784681 
5.085989685767317 
268.510065533804038 
0.477991549711708 
1.651794606066807 
0.921097477300943 
0.999918952273058 
0.0004826 
3.00000000 
209.636348477616423 
5.071357257706351 
268.225095013346049 
0.477964069514679 
1.652631565685134 
0.921133109206629 
0.999999999999999 
0.0004788 
