10000000000.0 
281.081612884587798 
6.970299710591719 
352.770009388702078 
0.472700846961253 
1.620988903745133 
0.927005676223798 
0.999928161911208 
0.0005766 
18873918221.4 
281.081612884587798 
6.970299710591719 
352.770009388702078 
0.472700846961253 
1.620988903745133 
0.927005676223798 
0.999928161911208 
0.0005766 
35622478902.6 
281.081612884587798 
6.970299710591719 
352.770009388702078 
0.472700846961253 
1.620988903745133 
0.927005676223798 
0.999928161911208 
0.0005766 
67233575365.0 
281.081612884587798 
6.970299710591719 
352.770009388702078 
0.472700846961253 
1.620988903745133 
0.927005676223798 
0.999928161911208 
0.0005766 
126896100316.8 
281.081460431097128 
6.970299553136623 
352.769818052745279 
0.472700928863347 
1.620988903745133 
0.927005676223798 
0.999928161911208 
0.0005766 
239502661998.7 
281.081407531902926 
6.970299419058296 
352.769751661888051 
0.472700955486362 
1.620988903745133 
0.927005676223798 
0.999928161911208 
0.0005766 
452035365636.0 
281.080481176046874 
6.970298584889417 
352.768589043811801 
0.472701455921884 
1.620988903745133 
0.927005676223798 
0.999928161911208 
0.0005766 
853167852417.3 
281.078952890737810 
6.970296837218679 
352.768620443764348 
0.472702273138971 
1.620988903745133 
0.927005676223798 
0.999930003849016 
0.0005766 
1610262027560.9 
281.087003787936169 
6.970330178256359 
352.778724736059417 
0.472698513732143 
1.620988903745130 
0.927007383833273 
0.999931845790218 
0.0005766 
3039195382313.2 
281.087762496393907 
6.970356265838590 
352.783576041814570 
0.472698678146668 
1.620988903745130 
0.927009091445893 
0.999937371634180 
0.0005766 
5736152510448.7 
281.087315483236125 
6.970444022778804 
352.788863713600847 
0.472700041732485 
1.620985917775374 
0.927012506680571 
0.999946581441979 
0.0005766 
10826367338740.6 
281.091092466424868 
6.970611201107515 
352.805302007092678 
0.472700832786657 
1.620982931811122 
0.927021044822315 
0.999966843317722 
0.0005766 
20433597178569.4 
281.095693456727190 
6.970928004193885 
352.832524261721687 
0.472700190219440 
1.620965016141096 
0.927007383833273 
0.999972369355090 
0.0005766 
38566204211634.7 
281.090750604488960 
6.971598076931359 
352.865317941174169 
0.472703303460034 
1.620914256151327 
0.926951034381399 
0.999948423413718 
0.0005767 
72789538439831.6 
281.109096194073913 
6.973467841589753 
352.968312480248812 
0.472710021870415 
1.620827669249088 
0.926923714668023 
0.999994473809940 
0.0005767 
137382379588326.1 
281.150760234865345 
6.977718680568724 
353.166972156398231 
0.472714771270011 
1.620594803289676 
0.926771763457907 
0.999968685326784 
0.0005768 
259294379740466.7 
281.275772414414178 
6.988335061799942 
353.626779468105156 
0.472731896584030 
1.620072469339003 
0.926525962568899 
0.999988947650418 
0.0005770 
489390091847749.9 
276.841348189139353 
7.016380071051580 
349.394911519271545 
0.475164469457978 
1.617645082181147 
0.925345661828036 
0.999998157933252 
0.0005774 
923670857187384.6 
258.488744815525479 
7.086406195457423 
330.330640149246278 
0.485769872602829 
1.611025599223198 
0.921475924609991 
0.999968685326784 
0.0005786 
1743328822199987.2 
252.468562269157388 
7.157656570817695 
325.830195530418621 
0.492510043907154 
1.615203480035473 
0.918474688873401 
0.999988947650418 
0.0005815 
3290344562312671.0 
260.020127339115845 
7.169738096023491 
336.962358408691330 
0.492790451461984 
1.631161049968781 
0.917194818253305 
0.999968685326784 
0.0005850 
6210169418915604.0 
270.457957209964093 
7.147850493276723 
351.144108429071935 
0.490633587498915 
1.647145800520468 
0.916628998416714 
0.999974211374331 
0.0005877 
11721022975334842.0 
276.748266154775877 
7.125910240899438 
359.817706886031942 
0.489294413040853 
1.656984492234017 
0.916191782943722 
0.999966843317722 
0.0005894 
22122162910704504.0 
281.416079339671114 
7.112583388021434 
365.732985321056958 
0.487879232326088 
1.662466275913206 
0.916345375421934 
0.999994473809940 
0.0005901 
41753189365603920.0 
285.204734094302921 
7.105487576224551 
370.118465307554402 
0.486432177453936 
1.665494658994952 
0.916787730533968 
0.999992631753371 
0.0005904 
78804628156698720.0 
288.204847854318189 
7.101877758053131 
373.388127092585421 
0.485152061788587 
1.667198244785238 
0.917280988618062 
0.999974211374331 
0.0005905 
148735210729351168.0 
290.482761967827457 
7.100269810724379 
375.788588344123639 
0.484132911120107 
1.668193575998519 
0.917752534507231 
0.999999999999999 
0.0005905 
280721620394116992.0 
292.088434950351598 
7.099138977073809 
377.433795141097789 
0.483380526045069 
1.668752942426080 
0.918029828719374 
0.999920794193902 
0.0005905 
529831690628372352.0 
293.246028242915145 
7.098815759705485 
378.615649490584701 
0.482842140490111 
1.669118783420871 
0.918307206714538 
0.999946581441979 
0.0005905 
1000000000000000000.0 
294.046785036914741 
7.098780254737483 
379.429293831537905 
0.482471069657095 
1.669355546801591 
0.918527139061384 
0.999992631753371 
0.0005904 
