10000000000.0 
570.384193641226261 
10.524310018594718 
714.936552152231002 
0.460932748665591 
1.744330796150496 
0.927072275324228 
0.999570890146804 
0.0006604 
18873918221.4 
570.384193641226261 
10.524310018594718 
714.936552152231002 
0.460932748665591 
1.744330796150496 
0.927072275324228 
0.999570890146804 
0.0006604 
35622478902.6 
570.384193641226261 
10.524310018594718 
714.936552152231002 
0.460932748665591 
1.744330796150496 
0.927072275324228 
0.999570890146804 
0.0006604 
67233575365.0 
570.384193641226261 
10.524310018594718 
714.936552152231002 
0.460932748665591 
1.744330796150496 
0.927072275324228 
0.999570890146804 
0.0006604 
126896100316.8 
570.384193641226261 
10.524310018594718 
714.936552152231002 
0.460932748665591 
1.744330796150496 
0.927072275324228 
0.999570890146804 
0.0006604 
239502661998.7 
570.384193641226261 
10.524310018594718 
714.936552152231002 
0.460932748665591 
1.744330796150496 
0.927072275324228 
0.999570890146804 
0.0006604 
452035365636.0 
570.384193641226261 
10.524310018594718 
714.936552152231002 
0.460932748665591 
1.744330796150496 
0.927072275324228 
0.999570890146804 
0.0006604 
853167852417.3 
570.384193641226261 
10.524310018594718 
714.936552152231002 
0.460932748665591 
1.744330796150496 
0.927072275324228 
0.999570890146804 
0.0006604 
1610262027560.9 
570.384193641226261 
10.524310018594718 
714.936552152231002 
0.460932748665591 
1.744330796150496 
0.927072275324228 
0.999570890146804 
0.0006604 
3039195382313.2 
570.384193641226261 
10.524310018594718 
714.936552152231002 
0.460932748665591 
1.744330796150496 
0.927072275324228 
0.999570890146804 
0.0006604 
5736152510448.7 
570.384193641226261 
10.524310018594718 
714.936552152231002 
0.460932748665591 
1.744330796150496 
0.927072275324228 
0.999570890146804 
0.0006604 
10826367338740.6 
570.384193641226261 
10.524310018594718 
714.936552152231002 
0.460932748665591 
1.744330796150496 
0.927072275324228 
0.999570890146804 
0.0006604 
20433597178569.4 
570.384193641226261 
10.524310018594718 
714.936552152231002 
0.460932748665591 
1.744330796150496 
0.927072275324228 
0.999570890146804 
0.0006604 
38566204211634.7 
570.384193641226261 
10.524310018594718 
714.936552152231002 
0.460932748665591 
1.744330796150496 
0.927072275324228 
0.999570890146804 
0.0006604 
72789538439831.6 
570.384193641226261 
10.524310018594718 
714.936552152231002 
0.460932748665591 
1.744330796150496 
0.927072275324228 
0.999570890146804 
0.0006604 
137382379588326.1 
570.384193641226261 
10.524310018594718 
714.936552152231002 
0.460932748665591 
1.744330796150496 
0.927072275324228 
0.999570890146804 
0.0006604 
259294379740466.7 
570.384193641226261 
10.524310018594718 
714.936552152231002 
0.460932748665591 
1.744330796150496 
0.927072275324228 
0.999570890146804 
0.0006604 
489390091847749.9 
570.384193641226261 
10.524310018594718 
714.936552152231002 
0.460932748665591 
1.744330796150496 
0.927072275324228 
0.999570890146804 
0.0006604 
923670857187384.6 
570.384193641226261 
10.524310018594718 
714.936552152231002 
0.460932748665591 
1.744330796150496 
0.927072275324228 
0.999570890146804 
0.0006604 
1743328822199987.2 
570.384193641226261 
10.524310018594718 
714.936552152231002 
0.460932748665591 
1.744330796150496 
0.927072275324228 
0.999570890146804 
0.0006604 
3290344562312671.0 
570.384193641226261 
10.524310018594718 
714.936552152231002 
0.460932748665591 
1.744330796150496 
0.927072275324228 
0.999570890146804 
0.0006604 
6210169418915604.0 
570.384193641226261 
10.524310018594718 
714.936552152231002 
0.460932748665591 
1.744330796150496 
0.927072275324228 
0.999570890146804 
0.0006604 
11721022975334842.0 
570.384193641226261 
10.524310018594718 
714.936552152231002 
0.460932748665591 
1.744330796150496 
0.927072275324228 
0.999570890146804 
0.0006604 
22122162910704504.0 
570.384193641226261 
10.524310018594718 
714.936552152231002 
0.460932748665591 
1.744330796150496 
0.927072275324228 
0.999570890146804 
0.0006604 
41753189365603920.0 
570.384193641226261 
10.524310018594718 
714.936552152231002 
0.460932748665591 
1.744330796150496 
0.927072275324228 
0.999570890146804 
0.0006604 
78804628156698720.0 
570.384193641226261 
10.524310018594718 
714.936552152231002 
0.460932748665591 
1.744330796150496 
0.927072275324228 
0.999570890146804 
0.0006604 
148735210729351168.0 
570.384193641226261 
10.524310018594718 
714.936552152231002 
0.460932748665591 
1.744330796150496 
0.927072275324228 
0.999570890146804 
0.0006604 
280721620394116992.0 
570.384193641226261 
10.524310018594718 
714.936552152231002 
0.460932748665591 
1.744330796150496 
0.927072275324228 
0.999570890146804 
0.0006604 
529831690628372352.0 
570.384193641226261 
10.524310018594718 
714.936552152231002 
0.460932748665591 
1.744330796150496 
0.927072275324228 
0.999570890146804 
0.0006604 
1000000000000000000.0 
570.384193641226261 
10.524310018594718 
714.936552152231002 
0.460932748665591 
1.744330796150496 
0.927072275324228 
0.999570890146804 
0.0006604 
