10000000000.0 
276.174675243515992 
6.696470928001471 
347.251932950115531 
0.472305374732480 
1.631807190624115 
0.926488415396497 
0.999985263561037 
0.0005677 
18873918221.4 
276.174675243515992 
6.696470928001471 
347.251932950115531 
0.472305374732480 
1.631807190624115 
0.926488415396497 
0.999985263561037 
0.0005677 
35622478902.6 
276.174675243515992 
6.696470928001471 
347.251932950115531 
0.472305374732480 
1.631807190624115 
0.926488415396497 
0.999985263561037 
0.0005677 
67233575365.0 
276.174675243515992 
6.696470928001471 
347.251932950115531 
0.472305374732480 
1.631807190624115 
0.926488415396497 
0.999985263561037 
0.0005677 
126896100316.8 
276.174675243515992 
6.696470928001471 
347.251932950115531 
0.472305374732480 
1.631807190624115 
0.926488415396497 
0.999985263561037 
0.0005677 
239502661998.7 
276.174675243515992 
6.696470928001471 
347.251932950115531 
0.472305374732480 
1.631807190624115 
0.926488415396497 
0.999985263561037 
0.0005677 
452035365636.0 
276.174675243515992 
6.696470928001471 
347.251932950115531 
0.472305374732480 
1.631807190624115 
0.926488415396497 
0.999985263561037 
0.0005677 
853167852417.3 
276.174675243515992 
6.696470928001471 
347.251932950115531 
0.472305374732480 
1.631807190624115 
0.926488415396497 
0.999985263561037 
0.0005677 
1610262027560.9 
276.174675243515992 
6.696470928001471 
347.251932950115531 
0.472305374732480 
1.631807190624115 
0.926488415396497 
0.999985263561037 
0.0005677 
3039195382313.2 
276.174675243515992 
6.696470928001471 
347.251932950115531 
0.472305374732480 
1.631807190624115 
0.926488415396497 
0.999985263561037 
0.0005677 
5736152510448.7 
276.174675243515992 
6.696470928001471 
347.251932950115531 
0.472305374732480 
1.631807190624115 
0.926488415396497 
0.999985263561037 
0.0005677 
10826367338740.6 
276.174675243515992 
6.696470928001471 
347.251932950115531 
0.472305374732480 
1.631807190624115 
0.926488415396497 
0.999985263561037 
0.0005677 
20433597178569.4 
276.174675243515992 
6.696470928001471 
347.253851940899949 
0.472305374732480 
1.631807190624115 
0.926488415396497 
0.999987105604031 
0.0005677 
38566204211634.7 
276.173743328036437 
6.696468861741966 
347.252680177994137 
0.472305857399845 
1.631807190624115 
0.926488415396497 
0.999987105604031 
0.0005677 
72789538439831.6 
276.164319491191236 
6.696487188127156 
347.242749854262001 
0.472310790495413 
1.631804184726353 
0.926488415396497 
0.999988947650418 
0.0005677 
137382379588326.1 
276.173479024353412 
6.696502245457720 
347.256185847135328 
0.472306792925194 
1.631807190624118 
0.926493535375863 
0.999996315869899 
0.0005677 
259294379740466.7 
276.162078032706006 
6.696420330408468 
347.245688300415793 
0.472308756409627 
1.631798172947441 
0.926466229146200 
0.999970527339241 
0.0005677 
489390091847749.9 
276.163148732552997 
6.696471916945538 
347.254710514919680 
0.472311098896366 
1.631804184726356 
0.926485002092639 
0.999998157933252 
0.0005677 
923670857187384.6 
276.146136742965268 
6.696321763294012 
347.246751635832595 
0.472311177085647 
1.631783143597058 
0.926423564773490 
0.999944739473632 
0.0005677 
1743328822199987.2 
276.142882373633199 
6.696293017088725 
347.267606390214610 
0.472308006495254 
1.631768114385099 
0.926386021750728 
0.999928161911208 
0.0005677 
3290344562312671.0 
276.133500927271029 
6.696295932029868 
347.307625664162003 
0.472308203575549 
1.631750079513468 
0.926343361071621 
0.999931845790218 
0.0005678 
6210169418915604.0 
277.879191121964084 
6.753510375836068 
349.373890380965292 
0.472305740673820 
1.630542197072222 
0.926490122053141 
0.999966843317722 
0.0005691 
11721022975334842.0 
288.211841808985184 
6.983608302105476 
361.209397216687194 
0.471392273335169 
1.629020097793730 
0.927482221275190 
0.999972369355090 
0.0005758 
22122162910704504.0 
310.017968336637068 
7.322112728667154 
386.156086896478996 
0.467814728443271 
1.630512161645603 
0.929406260653454 
0.999994473809940 
0.0005875 
41753189365603920.0 
326.186336793006546 
7.694162073163253 
405.602090206953619 
0.468037262777058 
1.631981542168582 
0.929902881972717 
0.999959475315403 
0.0006014 
78804628156698720.0 
330.632085080824993 
8.037280112878637 
413.034011429041414 
0.473074361762705 
1.633082190295248 
0.928470251920215 
0.999957633323306 
0.0006139 
148735210729351168.0 
335.303091888399535 
8.282765126703863 
421.143767493459734 
0.476822974056294 
1.637235839238621 
0.926790542595376 
0.999952107367374 
0.0006216 
280721620394116992.0 
339.869013041688220 
8.326575195222516 
428.988046093113496 
0.478308012376393 
1.646857580986424 
0.925280891193381 
0.999965001312052 
0.0006234 
529831690628372352.0 
338.342937404299107 
8.169077068084098 
429.437866101878171 
0.479035247255673 
1.657405760256446 
0.923578029338537 
0.999972369355090 
0.0006206 
1000000000000000000.0 
330.612984240750507 
7.940028118669373 
421.816852617558254 
0.480035131458007 
1.663817332714745 
0.921975101753135 
0.999970527339241 
0.0006153 
